0.0 1.0 0.0 2.0 0.0 0.0 0.0
0.050100200400801605 0.997491022609 -0.100116582781 1.99498204522 -0.200233165561 2.8299106196e-09 2.8299106196e-09
0.10020040080160321 0.989976710196 -0.199730795682 1.97995342039 -0.399461591365 4.15052124156e-08 4.15052124156e-08
0.15030060120240482 0.977494759455 -0.298342782764 1.95498951891 -0.596685565527 1.07189542697e-07 1.07189542697e-07
0.20040080160320642 0.960108199615 -0.395457870294 1.92021639923 -0.790915740587 6.13328843134e-07 6.13328843134e-07
0.250501002004008 0.937903894069 -0.490588690265 1.87580778814 -0.98117738053 1.18267984822e-06 1.18267984822e-06
0.30060120240480964 0.910993147162 -0.583257829231 1.82198629432 -1.16651565846 1.69849364652e-06 1.69849364664e-06
0.35070140280561124 0.879510365794 -0.672999966467 1.75902073159 -1.34599993293 1.44481245039e-06 1.44481245051e-06
0.40080160320641284 0.843614199312 -0.759364950257 1.68722839862 -1.51872990051 1.1271271337e-06 1.12712713383e-06
0.45090180360721444 0.803485000299 -0.841919545223 1.6069700006 -1.68383909045 1.01602495694e-06 1.01602495722e-06
0.501002004008016 0.759323973923 -0.920249432429 1.51864794785 -1.84049886486 9.30219033138e-07 9.30219033285e-07
0.5511022044088176 0.71135268728 -0.993961538199 1.42270537456 -1.9879230764 8.2962544873e-07 8.29625448886e-07
0.6012024048096193 0.659811798131 -1.06268604442 1.31962359626 -2.12537208884 6.18573686825e-07 6.18573687161e-07
0.6513026052104208 0.604959654747 -1.12607838533 1.20991930949 -2.25215677066 1.99453639505e-07 1.99453639322e-07
0.7014028056112225 0.547072060583 -1.18381974241 1.09414412117 -2.36763948481 7.97027672734e-07 7.97027672328e-07
0.751503006012024 0.48643963246 -1.23561989915 0.97287926492 -2.47123979829 8.16588389496e-07 8.16588389268e-07
0.8016032064128257 0.42336627838 -1.28121983722 0.84673255676 -2.56243967445 8.20915530715e-07 8.20915530322e-07
0.8517034068136272 0.358168357773 -1.32039109836 0.716336715546 -2.64078219672 1.19336680978e-06 1.19336680947e-06
0.9018036072144289 0.291173173429 -1.35293655127 0.582346346857 -2.70587310255 1.69744614733e-06 1.69744614714e-06
0.9519038076152304 0.222716920876 -1.37869313694 0.445433841752 -2.75738627388 2.38572561691e-06 2.38572561666e-06
1.002004008016032 0.153143046034 -1.39753135007 0.306286092068 -2.79506270013 3.93984181878e-06 3.93984181878e-06
1.0521042084168337 0.0828007550266 -1.40935701881 0.165601510053 -2.81871403761 7.52129261246e-06 7.52129261313e-06
1.1022044088176353 0.0120429497338 -1.4141104569 0.0240858994676 -2.8282209138 5.50028747746e-05 5.50028747807e-05
1.1523046092184368 -0.0587752377362 -1.41176809091 -0.117550475472 -2.82353618182 1.10575180389e-05 1.10575180412e-05
1.2024048096192386 -0.129298455931 -1.4023416298 -0.258596911862 -2.80468325959 4.6145345746e-06 4.61453457588e-06
1.25250501002004 -0.199172881054 -1.38587822089 -0.398345762108 -2.77175644178 2.82101356525e-06 2.82101356609e-06
1.3026052104208417 -0.268047859954 -1.36246052923 -0.536095719907 -2.72492105845 1.93875616266e-06 1.93875616328e-06
1.3527054108216432 -0.335577773318 -1.33220606474 -0.671155546635 -2.66441212949 1.37941397619e-06 1.37941397669e-06
1.402805611222445 -0.401423772794 -1.29526665935 -0.802847545588 -2.59053331869 1.01114695455e-06 1.01114695496e-06
1.4529058116232465 -0.465255439205 -1.25182764706 -0.930510878409 -2.50365529413 7.35941245125e-07 7.35941245722e-07
1.503006012024048 -0.526752465808 -1.20210701327 -1.05350493162 -2.40421402655 5.14019099121e-07 5.14019099543e-07
1.5531062124248498 -0.585606271314 -1.14635426878 -1.17121254263 -2.29270853755 3.41002550679e-07 3.41002551058e-07
1.6032064128256514 -0.641521519749 -1.08484915089 -1.2830430395 -2.16969830178 1.86507501009e-07 1.86507501355e-07
1.653306613226453 -0.694217637563 -1.0179003137 -1.38843527513 -2.0358006274 5.47126647883e-08 5.47126649483e-08
1.7034068136272544 -0.743430198981 -0.945843699428 -1.48686039796 -1.89168739886 5.86963779574e-08 5.86963779574e-08
1.7535070140280562 -0.788912246306 -0.869040868899 -1.57782449261 -1.7380817378 1.72147573966e-07 1.72147573966e-07
1.8036072144288577 -0.830435569058 -0.787877242989 -1.66087113812 -1.57575448598 2.66656361867e-07 2.66656361867e-07
1.8537074148296593 -0.867791790275 -0.702760074467 -1.73558358055 -1.40552014893 3.62613275463e-07 3.62613275463e-07
1.9038076152304608 -0.900793372526 -0.614116396293 -1.80158674505 -1.22823279259 5.55541836011e-07 5.55541836135e-07
1.9539078156312626 -0.929274744676 -0.522391064709 -1.85854948935 -1.04478212942 8.0522506334e-07 8.05225063459e-07
2.004008016032064 -0.953093206353 -0.428044601569 -1.90618641271 -0.856089203138 8.80234389501e-07 8.80234389734e-07
2.0541082164328657 -0.972129147448 -0.331550404233 -1.9442582949 -0.663100808466 8.86708353854e-07 8.86708353968e-07
2.1042084168336674 -0.986286969671 -0.233392423671 -1.97257393934 -0.466784847342 9.06427311178e-07 9.06427311516e-07
2.1543086172344688 -0.995495588919 -0.134063079392 -1.99099117784 -0.268126158784 9.79917640025e-07 9.79917640359e-07
2.2044088176352705 -0.999708860488 -0.0340610437336 -1.99941772098 -0.0681220874672 1.04262615083e-06 1.04262615116e-06
2.2545090180360723 -0.998905648973 0.0661118518136 -1.99781129795 0.132223703627 1.08868509097e-06 1.08868509131e-06
2.3046092184368736 -0.993089967962 0.165953002418 -1.98617993592 0.331906004835 1.13553272888e-06 1.13553272922e-06
2.3547094188376754 -0.98229100051 0.264961407288 -1.96458200102 0.529922814577 1.18345767128e-06 1.18345767173e-06
2.404809619238477 -0.966562935512 0.362640246148 -1.93312587102 0.725280492295 1.23288055393e-06 1.23288055439e-06
2.4549098196392785 -0.945984696087 0.458499370549 -1.89196939217 0.916998741099 1.28405885673e-06 1.2840588572e-06
2.50501002004008 -0.920659542801 0.552057763145 -1.8413190856 1.10411552629 1.33788622248e-06 1.33788622296e-06
2.555110220440882 -0.890714548848 0.642845967006 -1.7814290977 1.28569193401 1.40348822587e-06 1.40348822624e-06
2.6052104208416833 -0.856299969048 0.730408435701 -1.7125999381 1.4608168714 1.49210946038e-06 1.49210946064e-06
2.655310621242485 -0.817588497644 0.814305758147 -1.63517699529 1.62861151629 1.60363286723e-06 1.6036328675e-06
2.7054108216432864 -0.774774390938 0.89411692359 -1.54954878188 1.78823384718 1.73795731876e-06 1.73795731905e-06
2.755511022044088 -0.72807249023 0.969441437518 -1.45614498046 1.93888287504 1.89809298912e-06 1.89809298927e-06
2.80561122244489 -0.677717126583 1.03990134727 -1.35543425317 2.07980269454 2.11656660989e-06 2.11656660972e-06
2.8557114228456912 -0.623960816086 1.10514326611 -1.24792163217 2.21028653221 2.67460106356e-06 2.6746010632e-06
2.905811623246493 -0.567073641306 1.16483936008 -1.13414728261 2.32967872017 3.08334569973e-06 3.08334569914e-06
2.9559118236472948 -0.507341138964 1.21868980321 -1.01468227793 2.43737960641 3.14151386152e-06 3.14151386087e-06
3.006012024048096 -0.445062742743 1.26642521509 -0.890125485486 2.53285043018 3.38666107654e-06 3.38666107579e-06
3.056112224448898 -0.380550993381 1.30780579281 -0.761101986761 2.61561158562 3.83412544162e-06 3.8341254406e-06
3.1062124248496996 -0.314129670191 1.34262390652 -0.628259340382 2.68524781305 4.41716963893e-06 4.41716963751e-06
3.156312625250501 -0.246132032012 1.37070472229 -0.492264064025 2.74140944458 5.41911894969e-06 5.41911894766e-06
3.2064128256513027 -0.17689933684 1.39190748863 -0.353798673681 2.78381497727 7.06377318064e-06 7.06377317766e-06
3.256513026052104 -0.106778953549 1.40612565871 -0.213557907098 2.81225131743 1.09882063877e-05 1.09882063828e-05
3.306613226452906 -0.0361227863053 1.41328799932 -0.0722455726105 2.82657599864 2.94143602464e-05 2.94143602322e-05
3.3567134268537075 0.034714644868 1.41335843416 0.0694292897359 2.82671686833 2.72999740402e-05 2.72999740262e-05
3.406813627254509 0.105377860929 1.40633677138 0.210755721859 2.81267354276 7.68339224478e-06 7.68339224043e-06
3.4569138276553106 0.175512290583 1.39225809231 0.351024581165 2.78451618462 3.77803191808e-06 3.77803191586e-06
3.5070140280561124 0.244765994236 1.37119318668 0.489531988472 2.74238637337 2.0465513396e-06 2.04655133858e-06
3.5571142284569137 0.312791461118 1.34324762031 0.625582922236 2.68649524061 1.04079206595e-06 1.04079206542e-06
3.6072144288577155 0.379247346039 1.30856175704 0.758494692077 2.61712351407 3.73778724762e-07 3.73778724469e-07
3.6573146292585172 0.443800167552 1.26730952803 0.887600335104 2.53461905606 1.30655268433e-07 1.30655268433e-07
3.7074148296593186 0.506126014423 1.21969804387 1.01225202885 2.43939608774 5.14490547327e-07 5.14490547327e-07
3.7575150300601203 0.565912124421 1.16596612572 1.13182424884 2.33193225143 8.44764552859e-07 8.44764552466e-07
3.8076152304609217 0.622858507065 1.10638347503 1.24571701413 2.21276695006 1.11748958674e-06 1.11748958639e-06
3.8577154308617234 0.676679396104 1.04124901698 1.35335879221 2.08249803397 1.36665072537e-06 1.36665072488e-06
3.907815631262525 0.727104729406 0.970889637394 1.45420945881 1.94177927479 1.58738522668e-06 1.58738522638e-06
3.9579158316633265 0.77388147016 0.895658368419 1.54776294032 1.79131673684 1.79304193035e-06 1.79304192992e-06
4.008016032064128 0.816774849969 0.815932664172 1.63354969994 1.63186532834 2.04266622505e-06 2.0426662245e-06
4.05811623246493 0.855569637063 0.732112593239 1.71113927413 1.46422518648 2.32554032038e-06 2.32554031986e-06
4.108216432865731 0.890071262698 0.644618947184 1.7801425254 1.28923789437 2.52543465694e-06 2.52543465645e-06
4.158316633266533 0.920106448737 0.553890546183 1.84021289747 1.10778109237 2.81697225004e-06 2.81697224955e-06
4.208416833667335 0.945524662182 0.460382861667 1.89104932436 0.920765723333 3.00135014679e-06 3.00135014621e-06
4.258517034068136 0.966198156002 0.364564929139 1.932396312 0.729129858278 3.29521612549e-06 3.29521612491e-06
4.3086172344689375 0.982023392335 0.266917719528 1.96404678467 0.533835439056 3.48994952896e-06 3.48994952839e-06
4.35871743486974 0.992920786483 0.167931117064 1.98584157297 0.335862234128 3.76772893221e-06 3.76772893176e-06
4.408817635270541 0.998835793853 0.06810188698 1.99767158771 0.13620377396 3.99033730884e-06 3.99033730828e-06
4.458917835671342 0.999738776576 -0.0320690042616 1.99947755315 -0.0641380085232 4.11756257401e-06 4.11756257357e-06
4.509018036072145 0.995625106831 -0.132078977787 1.99125021366 -0.264157955574 4.24805936586e-06 4.24805936564e-06
4.559118236472946 0.986515376112 -0.231426191735 1.97303075222 -0.46285238347 4.43462443067e-06 4.43462443056e-06
4.609218436873747 0.972455251747 -0.32961210892 1.94491050349 -0.65922421784 4.72695112829e-06 4.72695112829e-06
4.659318637274549 0.953515358486 -0.42614402023 1.90703071697 -0.852288040459 5.05763235425e-06 5.05763235436e-06
4.709418837675351 0.929790606664 -0.520537498233 1.85958121333 -1.04107499647 5.57150726661e-06 5.57150726697e-06
4.759519038076152 0.901400314264 -0.612318888361 1.80280062853 -1.22463777672 5.99095939276e-06 5.99095939325e-06
4.809619238476954 0.86848679459 -0.701027609755 1.73697358918 -1.40205521951 6.48166317089e-06 6.48166317153e-06
4.859719438877756 0.83121530654 -0.786218547499 1.66243061308 -1.572437095 6.93681581911e-06 6.93681581965e-06
4.909819639278557 0.789772869613 -0.86746425577 1.57954573923 -1.73492851154 7.36561612503e-06 7.36561612573e-06
4.959919839679359 0.744367320335 -0.944356963136 1.48873464067 -1.88871392627 7.92954259136e-06 7.92954259226e-06
5.01002004008016 0.695226639385 -1.01651094305 1.39045327877 -2.0330218861 8.4635972326e-06 8.46359723372e-06
5.060120240480962 0.642597312912 -1.08356404787 1.28519462582 -2.16712809575 9.12231390304e-06 9.12231390407e-06
5.110220440881764 0.586743470331 -1.14517982 1.17348694066 -2.29035964001 9.88274408943e-06 9.88274409057e-06
5.160320641282565 0.527945434914 -1.20104913841 1.05589086983 -2.40209827682 1.06895919568e-05 1.06895919583e-05
5.210420841683367 0.466498155472 -1.25089150988 0.932996310944 -2.50178301976 1.17788458968e-05 1.17788458981e-05
5.260521042084168 0.402710088651 -1.29445699609 0.805420177301 -2.58891399218 1.30034540167e-05 1.3003454018e-05
5.31062124248497 0.336901255283 -1.33152690292 0.673802510567 -2.66305380585 1.46494345235e-05 1.46494345246e-05
5.3607214428857715 0.269401879273 -1.3619151864 0.538803758546 -2.72383037279 1.70559744781e-05 1.70559744791e-05
5.410821643286573 0.200550714156 -1.38546949669 0.401101428312 -2.77093899337 2.08051514016e-05 2.08051514022e-05
5.460921843687375 0.130693189768 -1.40207145232 0.261386379537 -2.80414290463 2.85618413447e-05 2.85618413444e-05
5.511022044088176 0.060179933367 -1.41163803925 0.120359866734 -2.8232760785 5.30604259877e-05 5.30604259846e-05
5.561122244488978 -0.0106352616479 -1.41412116511 -0.0212705232959 -2.82824233022 0.000244134926817 0.000244134926787
5.61122244488978 -0.0813970662155 -1.40950832668 -0.162794132431 -2.81901665336 2.41060805568e-05 2.41060805517e-05
5.661322645290581 -0.151750416279 -1.39782260313 -0.303500832558 -2.79564520626 8.64147533795e-06 8.64147533429e-06
5.7114228456913825 -0.221342284878 -1.37912264411 -0.442684569757 -2.75824528822 2.93706506486e-06 2.93706506185e-06
5.761523046092185 -0.28982345572 -1.3535022956 -0.579646911441 -2.7070045912 8.74305951435e-08 8.74305976334e-08
5.811623246492986 -0.356850288935 -1.32109012796 -0.713700577869 -2.64218025592 2.00543744174e-06 2.00543744407e-06
5.861723446893787 -0.422086439283 -1.28204877319 -0.844172878567 -2.56409754639 3.37510530322e-06 3.37510530532e-06
5.9118236472945895 -0.485204550988 -1.23657412781 -0.970409101977 -2.47314825561 4.43519288877e-06 4.4351928906e-06
5.961923847695391 -0.545887915009 -1.18489440017 -1.09177583002 -2.36978880034 5.27400274456e-06 5.27400274619e-06
6.012024048096192 -0.60383198838 -1.12726881203 -1.20766397676 -2.25453762405 6.02534809911e-06 6.02534810077e-06
6.062124248496994 -0.658746047592 -1.06398668035 -1.31749209518 -2.1279733607 6.66183990369e-06 6.66183990504e-06
6.112224448897796 -0.710354532791 -0.995365542072 -1.42070906558 -1.99073108414 7.22036066121e-06 7.22036066246e-06
6.162324649298597 -0.758398428732 -0.921749651686 -1.51679685746 -1.84349930337 7.78239259021e-06 7.78239259139e-06
6.212424849699399 -0.802636724459 -0.84350855685 -1.60527344892 -1.6870171137 8.26349755769e-06 8.26349755893e-06
6.2625250501002006 -0.842847405457 -0.761034794787 -1.68569481091 -1.52206958957 8.71467629539e-06 8.71467629644e-06
6.312625250501002 -0.878828654747 -0.674742167146 -1.75765730949 -1.34948433429 9.19134950658e-06 9.19134950747e-06
6.362725450901803 -0.910400000916 -0.585063783198 -1.82080000183 -1.1701275664 9.6059687982e-06 9.60596879905e-06
6.412825651302605 -0.937402961002 -0.492449573475 -1.874805922 -0.984899146949 1.00319159485e-05 1.00319159491e-05
6.462925851703407 -0.959702040369 -0.397364293995 -1.91940408074 -0.79472858799 1.04669855155e-05 1.0466985516e-05
6.513026052104208 -0.97718539719 -0.300285117877 -1.95437079438 -0.600570235753 1.08594600554e-05 1.08594600556e-05
6.56312625250501 -0.989765225638 -0.201699132 -1.97953045128 -0.403398264 1.12912552096e-05 1.12912552098e-05
6.613226452905812 -0.997378454179 -0.102101077591 -1.99475690836 -0.204202155183 1.17114731145e-05 1.17114731145e-05
6.663326653306613 -0.999986945602 -0.00199074250718 -1.9999738912 -0.00398148501436 1.20588973953e-05 1.2058897395e-05
6.713426853707415 -0.997577651921 0.0981295316699 -1.99515530384 0.19625906334 1.22961688057e-05 1.22961688054e-05
6.763527054108216 -0.990162570472 0.197757389243 -1.98032514094 0.395514778486 1.25182092604e-05 1.25182092601e-05
6.813627254509018 -0.977778871661 0.296392917751 -1.95555774332 0.592785835502 1.27659831384e-05 1.27659831379e-05
6.86372745490982 -0.96048874676 0.393541142212 -1.92097749352 0.787082284425 1.29905988854e-05 1.29905988847e-05
6.913827655310621 -0.938378975067 0.488714569434 -1.87675795013 0.977429138868 1.31737812094e-05 1.31737812089e-05
6.963927855711423 -0.911560502452 0.58143559665 -1.8231210049 1.1628711933 1.33145323387e-05 1.33145323381e-05
7.014028056112225 -0.88016777129 0.67123902884 -1.76033554258 1.34247805768 1.35600473987e-05 1.35600473981e-05
7.064128256513026 -0.844358329599 0.757674227876 -1.6887166592 1.51534845575 1.39002868265e-05 1.39002868256e-05
7.114228456913827 -0.804311846811 0.840307443837 -1.60862369362 1.68061488767 1.43775612845e-05 1.43775612835e-05
7.16432865731463 -0.760229344374 0.918724018667 -1.52045868875 1.83744803733 1.492689653e-05 1.49268965291e-05
7.214428857715431 -0.712332081075 0.992530454722 -1.42466416215 1.98506090944 1.54911444668e-05 1.5491144466e-05
7.264529058116232 -0.66086039125 1.06135638734 -1.3217207825 2.12271277468 1.60983687344e-05 1.60983687334e-05
7.3146292585170345 -0.606072534939 1.12485641924 -1.21214506988 2.24971283849 1.68041218539e-05 1.6804121853e-05
7.364729458917836 -0.548243453975 1.18271197621 -1.09648690795 2.36542395242 1.76122683748e-05 1.76122683738e-05
7.414829659318637 -0.487663315698 1.23463272955 -0.975326631397 2.4692654591 1.86030126327e-05 1.86030126317e-05
7.4649298597194385 -0.424636090056 1.28035811147 -0.849272180112 2.56071622294 1.99107514827e-05 1.99107514817e-05
7.515030060120241 -0.359478071807 1.31965869597 -0.718956143614 2.63931739194 2.16445017423e-05 2.16445017414e-05
7.565130260521042 -0.292516232402 1.35233728988 -0.585032464804 2.70467457977 2.40738615549e-05 2.40738615543e-05
7.615230460921843 -0.224086574546 1.3782298985 -0.448173149091 2.75645979699 2.78976919137e-05 2.78976919137e-05
7.6653306613226455 -0.154532465078 1.39720654961 -0.309064930157 2.79441309921 3.50972653051e-05 3.50972653056e-05
7.715430861723447 -0.0842029417033 1.40917210044 -0.168405883407 2.81834420088 5.39730921776e-05 5.39730921802e-05
7.765531062124248 -0.0134509075754 1.414066501 -0.0269018151508 2.82813300199 0.000269569841093 0.000269569841117
7.81563126252505 0.0573686037917 1.41186522002 0.114737207583 2.82373044005 4.65755957808e-05 4.65755957881e-05
7.865731462925852 0.127900227441 1.4025792821 0.255800454883 2.8051585642 1.3205991767e-05 1.32059917711e-05
7.915831663326653 0.197790046212 1.38625525334 0.395580092424 2.77251050669 3.49426001177e-06 3.49426001458e-06
7.965931863727455 0.266687359514 1.36297503824 0.533374719027 2.72595007648 1.17397449829e-06 1.17397449579e-06
8.016032064128256 0.334246440656 1.33285546592 0.668492881312 2.66571093185 3.95295992828e-06 3.95295992612e-06
8.066132264529058 0.400128278922 1.29604768431 0.800256557845 2.59209536862 5.82381006822e-06 5.82381006642e-06
8.11623246492986 0.464002277108 1.25273637519 0.928004554216 2.50547275037 7.19779954767e-06 7.19779954587e-06
8.16633266533066 0.52554790175 1.20313880233 1.0510958035 2.40627760466 8.29807666424e-06 8.29807666276e-06
8.216432865731463 0.584456320893 1.14750386898 1.16891264179 2.29500773796 9.21765839487e-06 9.21765839373e-06
8.266533066132265 0.640431946062 1.08611081836 1.28086389212 2.17222163672 9.99614372372e-06 9.99614372302e-06
8.316633266533065 0.693193851933 1.019267622 1.38638770387 2.03853524399 1.07349341705e-05 1.073493417e-05
8.366733466933868 0.742477333415 0.947309869477 1.48495466683 1.89461973895 1.13790155907e-05 1.13790155904e-05
8.41683366733467 0.788035084883 0.870598604565 1.57607016977 1.74119720913 1.19559042103e-05 1.19559042103e-05
8.46693386773547 0.829638444173 0.789518681461 1.65927688835 1.57903736292 1.25484887594e-05 1.25484887597e-05
8.517034068136272 0.867078729797 0.704477068459 1.73415745959 1.40895413692 1.30648910248e-05 1.30648910252e-05
8.567134268537075 0.900168032507 0.615900435758 1.80033606501 1.23180087152 1.35587828298e-05 1.35587828303e-05
8.617234468937875 0.928740269704 0.524233219638 1.85748053941 1.04846643928 1.40822762935e-05 1.40822762943e-05
8.667334669338677 0.952652154689 0.429935494342 1.90530430938 0.859870988684 1.45457435736e-05 1.45457435743e-05
8.71743486973948 0.971783630943 0.333480377658 1.94356726189 0.666960755315 1.50276985181e-05 1.50276985187e-05
8.76753507014028 0.986038712214 0.235351906388 1.97207742443 0.470703812775 1.55168413236e-05 1.55168413244e-05
8.817635270541082 0.995345918539 0.136042505897 1.99069183708 0.272085011795 1.59659788232e-05 1.59659788239e-05
8.867735470941884 0.999658465166 0.0360504664253 1.99931693033 0.0721009328507 1.64622814604e-05 1.64622814612e-05
8.917835671342685 0.998954950603 -0.0641223816177 1.99790990121 -0.128244763235 1.67711700379e-05 1.67711700387e-05
8.967935871743487 0.993238747519 -0.163973454958 1.98647749504 -0.327946909917 1.70539747578e-05 1.70539747584e-05
9.01803607214429 0.982538500698 -0.26300172177 1.9650770014 -0.526003443539 1.73527054576e-05 1.73527054582e-05
9.06813627254509 0.966907932914 -0.360710247105 1.93381586583 -0.721420494209 1.76405913199e-05 1.76405913204e-05
9.118236472945892 0.946425519513 -0.456608717296 1.89285103903 -0.913217434592 1.78759320093e-05 1.78759320096e-05
9.168336673346694 0.92119404472 -0.550215901571 1.84238808944 -1.10043180314 1.80530281739e-05 1.80530281739e-05
9.218436873747494 0.891339973048 -0.64106215207 1.7826799461 -1.28212430414 1.83326326242e-05 1.83326326239e-05
9.268537074148297 0.857013116324 -0.728691605004 1.71402623265 -1.45738321001 1.87222514441e-05 1.87222514434e-05
9.318637274549099 0.818385746641 -0.812664523158 1.63677149328 -1.62532904632 1.92138727594e-05 1.92138727586e-05
9.3687374749499 0.77565171203 -0.892559506296 1.55130342406 -1.78511901259 1.98055821645e-05 1.98055821632e-05
9.418837675350701 0.729025529129 -0.967975636261 1.45805105826 -1.93595127252 2.04131605865e-05 2.0413160585e-05
9.468937875751504 0.678741146423 -1.03853446879 1.35748229285 -2.07706893757 2.10758854653e-05 2.10758854633e-05
9.519038076152304 0.625050869237 -1.1038819408 1.25010173847 -2.20776388159 2.18460761674e-05 2.18460761651e-05
9.569138276553106 0.568224067946 -1.16369009956 1.13644813589 -2.32738019912 2.28427536849e-05 2.28427536824e-05
9.619238476953909 0.508545958021 -1.21765893317 1.01709191604 -2.43531786633 2.40338348776e-05 2.40338348747e-05
9.669338677354709 0.4463159896 -1.26551759436 0.892631979201 -2.53103518872 2.55390512561e-05 2.55390512531e-05
9.719438877755511 0.381846412898 -1.30702586751 0.763692825795 -2.61405173502 2.75759336768e-05 2.75759336739e-05
9.769539078156313 0.31546080474 -1.34197556249 0.63092160948 -2.68395112497 3.02715334975e-05 3.02715334947e-05
9.819639278557114 0.247492247743 -1.37019127087 0.494984495485 -2.74038254174 3.43456161914e-05 3.43456161894e-05
9.869739478957916 0.178281785324 -1.39153132973 0.356563570649 -2.78306265946 4.1549459987e-05 4.15494599864e-05
9.919839679358718 0.108176742359 -1.40588878294 0.216353484719 -2.81177756587 5.77494190596e-05 5.77494190627e-05
9.969939879759519 0.0375288887174 -1.4131915448 0.0750577774348 -2.8263830896 0.000134275964683 0.000134275964705
10.02004008016032 -0.0333072480277 -1.41340303045 -0.0666144960555 -2.82680606091 0.000113250606572 0.000113250606611
10.070140280561123 -0.103976218508 -1.40652217474 -0.207952437016 -2.81304434948 2.35889802065e-05 2.35889802234e-05
10.120240480961924 -0.174123433935 -1.39258344807 -0.348246867869 -2.78516689614 6.40251264287e-06 6.40251265514e-06
10.170340681362726 -0.24339690622 -1.37165677636 -0.486793812439 -2.74331355272 9.3357306877e-07 9.33573058621e-07
10.220440881763528 -0.311449020497 -1.3438471746 -0.622898040993 -2.6876943492 5.0412575421e-06 5.04125753336e-06
10.270541082164328 -0.377938288499 -1.30929420291 -0.755876576998 -2.61858840582 7.70625625051e-06 7.70625624287e-06
10.32064128256513 -0.442531066148 -1.26817125245 -0.885062132296 -2.53634250489 9.60665331943e-06 9.60665331266e-06
10.370741482965931 -0.50490320441 -1.22068458059 -1.00980640882 -2.44136916119 1.11004819004e-05 1.11004818943e-05
10.420841683366733 -0.564741748616 -1.16707255017 -1.12948349723 -2.33414510033 1.22883161499e-05 1.22883161446e-05
10.470941883767535 -0.621746404474 -1.10760412966 -1.24349280895 -2.21520825932 1.33117899808e-05 1.33117899764e-05
10.521042084168336 -0.675631123437 -1.04257776268 -1.35126224687 -2.08515552537 1.42235860167e-05 1.42235860131e-05
10.571142284569138 -0.726125550295 -0.972319858498 -1.45225110059 -1.944639717 1.5006878092e-05 1.50068780891e-05
10.62124248496994 -0.772976261569 -0.897182871938 -1.54595252314 -1.79436574388 1.57514319259e-05 1.57514319238e-05
10.67134268537074 -0.815948195229 -0.817543918492 -1.63189639046 -1.63508783698 1.64303464489e-05 1.64303464475e-05
10.721442885771543 -0.854825736565 -0.73380261737 -1.70965147313 -1.46760523474 1.70402411224e-05 1.70402411216e-05
10.771543086172345 -0.889413737324 -0.646379095659 -1.77882747465 -1.29275819132 1.76659334057e-05 1.76659334054e-05
10.821643286573146 -0.919538703982 -0.555712123947 -1.83907740796 -1.11142424789 1.82379802925e-05 1.8237980293e-05
10.871743486973948 -0.945049463825 -0.462256648141 -1.89009892765 -0.924513296281 1.87742194174e-05 1.87742194185e-05
10.92184368737475 -0.965817932174 -0.366481569384 -1.93163586435 -0.732963138769 1.93579456699e-05 1.93579456714e-05
10.97194388777555 -0.981739996779 -0.268867575038 -1.96347999356 -0.537735150076 1.98868320261e-05 1.9886832028e-05
11.022044088176353 -0.992735727199 -0.169904449573 -1.9854714544 -0.339808899146 2.04031206405e-05 2.04031206428e-05
11.072144288577155 -0.998749879484 -0.0700887637657 -1.99749975897 -0.140177527531 2.09802414689e-05 2.09802414716e-05
11.122244488977955 -0.999752499332 0.0300785356875 -1.99950499866 0.060157071375 2.13983409362e-05 2.13983409392e-05
11.172344689378757 -0.995738463531 0.130094875198 -1.99147692706 0.260189750396 2.17546058482e-05 2.17546058513e-05
11.22244488977956 -0.986727858996 0.229458402138 -1.97345571799 0.458916804277 2.21079993304e-05 2.21079993335e-05
11.27254509018036 -0.972765879252 0.327670521472 -1.9455317585 0.655341042944 2.24839868678e-05 2.24839868709e-05
11.322645290581162 -0.95392267106 0.424238367657 -1.90784534212 0.848476735315 2.27971748454e-05 2.27971748485e-05
11.372745490981965 -0.930292750503 0.518677381467 -1.86058550101 1.03735476293 2.3088276924e-05 2.30882769267e-05
11.422845691382765 -0.901994647855 0.610513691441 -1.80398929571 1.22102738288 2.34070940416e-05 2.34070940441e-05
11.472945891783567 -0.86917030395 0.69928646851 -1.7383406079 1.39857293702 2.38263433392e-05 2.38263433415e-05
11.52304609218437 -0.831984399882 0.78455028058 -1.66396879976 1.56910056116 2.43986251604e-05 2.43986251626e-05
11.57314629258517 -0.790623611121 0.865877253403 -1.58124722224 1.73175450681 2.50529281466e-05 2.50529281484e-05
11.623246492985972 -0.745295509792 0.942859272153 -1.49059101958 1.88571854431 2.57760549124e-05 2.5776054914e-05
11.673346693386774 -0.696227556419 1.01511001604 -1.39245511284 2.03022003209 2.65809483997e-05 2.65809484008e-05
11.723446893787575 -0.643665981236 1.08226693224 -1.28733196247 2.16453386447 2.74810518815e-05 2.7481051882e-05
11.773547094188377 -0.587874525857 1.14399306102 -1.17574905171 2.28798612204 2.85296585037e-05 2.85296585036e-05
11.823647294589179 -0.529133105098 1.19997861374 -1.0582662102 2.39995722747 2.98700048365e-05 2.98700048352e-05
11.87374749498998 -0.467736518906 1.24994271835 -0.935473037812 2.49988543671 3.15470271871e-05 3.15470271848e-05
11.923847695390782 -0.403992875579 1.29363467197 -0.807985751157 2.58726934394 3.36786436844e-05 3.3678643681e-05
11.973947895791584 -0.338222011289 1.33083515883 -0.676444022579 2.66167031765 3.66285666155e-05 3.66285666109e-05
12.024048096192384 -0.270754002939 1.36135755887 -0.541508005878 2.72271511773 4.08801501e-05 4.08801500939e-05
12.074148296593187 -0.201927390736 1.38504873495 -0.403854781471 2.7700974699 4.78576342861e-05 4.78576342776e-05
12.124248496993989 -0.132087520455 1.40178972859 -0.26417504091 2.80357945719 6.21175973768e-05 6.2117597364e-05
12.17434869739479 -0.0615848614248 1.41149659972 -0.12316972285 2.82299319945 0.000108526786876 0.000108526786851
12.224448897795591 0.00922679259789 1.41412073399 0.0184535851958 2.82824146798 0.000552419844961 0.000552419844819
12.274549098196394 0.0799921127972 1.40964897895 0.159984225594 2.81929795791 4.30618470352e-05 4.3061847022e-05
12.324649298597194 0.150356030885 1.39810367885 0.30071206177 2.79620735769 1.17890329629e-05 1.17890329577e-05
12.374749498997996 0.219965475477 1.3795427273 0.439930950953 2.75908545459 4.49276972568e-07 4.49276970675e-07
12.424849699398798 0.288471126142 1.35405932999 0.576942252284 2.70811865998 5.51612353849e-06 5.51612353907e-06
12.474949899799599 0.355529223737 1.32178134732 0.711058447475 2.64356269465 9.252929864e-06 9.25292986369e-06
12.525050100200401 0.420803289018 1.28287069587 0.841606578035 2.56574139175 1.18163442821e-05 1.18163442813e-05
12.575150300601202 0.483965791555 1.23752259167 0.96793158311 2.47504518334 1.36756813238e-05 1.36756813226e-05
12.625250501002004 0.544699783464 1.18596459427 1.08939956693 2.37192918854 1.50927009574e-05 1.50927009559e-05
12.675350701402806 0.602700490384 1.12845545746 1.20540098077 2.25691091493 1.62355871479e-05 1.62355871464e-05
12.725450901803606 0.657676858154 1.06528380711 1.31535371631 2.13056761422 1.72002958989e-05 1.72002958974e-05
12.775551102204409 0.709352996257 0.996766591715 1.41870599251 1.99353318343 1.80667866461e-05 1.80667866446e-05
12.82565130260521 0.757469607667 0.923247628627 1.51493921533 1.84649525725 1.88474098578e-05 1.8847409856e-05
12.875751503006011 0.801785202269 0.84509574968 1.60357040454 1.69019149936 1.961822135e-05 1.96182213482e-05
12.925851703406813 0.842077480824 0.76270323384 1.68415496165 1.52540646768 2.02992706507e-05 2.02992706489e-05
12.975951903807616 0.878144238034 0.67648353375 1.75628847607 1.3529670675 2.09323374831e-05 2.09323374814e-05
13.026052104208416 0.909804449868 0.586869241777 1.81960889974 1.17373848355 2.15758027105e-05 2.15758027089e-05
13.076152304609218 0.936899327831 0.494310139993 1.87379865566 0.988620279987 2.21481164486e-05 2.21481164469e-05
13.12625250501002 0.959292878085 0.399270640238 1.91858575617 0.798541280475 2.26950288503e-05 2.26950288487e-05
13.176352705410821 0.976872668801 0.302227606638 1.9537453376 0.604455213275 2.32869558326e-05 2.3286955831e-05
13.226452905811623 0.989550578954 0.203668057384 1.97910115791 0.407336114769 2.38326565251e-05 2.38326565234e-05
13.276553106212425 0.997262956919 0.10408653252 1.99452591384 0.20817306504 2.43737576586e-05 2.43737576569e-05
13.326653306613226 0.999971135301 0.00398275752371 1.9999422706 0.00796551504742 2.48827490307e-05 2.4882749029e-05
13.376753507014028 0.997661606808 -0.09614092759 1.99532321362 -0.19228185518 2.52825731902e-05 2.52825731885e-05
13.42685370741483 0.990345846842 -0.195782181716 1.98069169368 -0.391564363432 2.56913404048e-05 2.56913404031e-05
13.47695390781563 0.978060544466 -0.294441021019 1.95612108893 -0.588882042037 2.61350258742e-05 2.61350258725e-05
13.527054108216433 0.96086739026 -0.391622351875 1.92173478052 -0.783244703751 2.65743409323e-05 2.65743409307e-05
13.577154308617235 0.938852638229 -0.486838540474 1.87770527646 -0.973677080948 2.70354996824e-05 2.70354996808e-05
13.627254509018035 0.912126762869 -0.579611790524 1.82425352574 -1.15922358105 2.75190450991e-05 2.75190450978e-05
13.677354709418838 0.880823869344 -0.669476577279 1.76164773869 -1.33895315456 2.80369019229e-05 2.80369019218e-05
13.72745490981964 0.84510104006 -0.75598194144 1.69020208012 -1.51196388288 2.85916159606e-05 2.85916159598e-05
13.77755511022044 0.805137532156 -0.83869383057 1.61027506431 -1.67738766114 2.91923184686e-05 2.9192318468e-05
13.827655310621243 0.761133874116 -0.917197189231 1.52226774823 -1.83439437846 2.98617329223e-05 2.9861732922e-05
13.877755511022045 0.713310770672 -0.991098238213 1.42662154134 -1.98219647643 3.07655606815e-05 3.07655606817e-05
13.927855711422845 0.661908287168 -1.0600259775 1.32381657434 -2.12005195499 3.18272970178e-05 3.18272970183e-05
13.977955911823647 0.607184490613 -1.12363421292 1.21436898123 -2.24726842583 3.28826732433e-05 3.2882673244e-05
14.02805611222445 0.549413874123 -1.18160405286 1.09882774825 -2.36320810572 3.41399228153e-05 3.41399228163e-05
14.07815631262525 0.488886293027 -1.23364477537 0.977772586054 -2.46728955074 3.57576944787e-05 3.57576944797e-05
14.128256513026052 0.425905497362 -1.27949506076 0.851810994723 -2.55899012152 3.78504577323e-05 3.78504577333e-05
14.178356713426854 0.360787538107 -1.31892492479 0.721575076214 -2.63784984957 4.06492695971e-05 4.06492695976e-05
14.228456913827655 0.293859148159 -1.35173643315 0.587718296318 -2.70347286631 4.47502973651e-05 4.47502973647e-05
14.278557114228457 0.225456213829 -1.37776503695 0.450912427657 -2.75553007391 5.11834364579e-05 5.11834364561e-05
14.32865731462926 0.155921938504 -1.39688001454 0.311843877008 -2.79376002908 6.33756653781e-05 6.33756653734e-05
14.37875751503006 0.0856052861598 -1.4089855459 0.17121057232 -2.81797109179 9.50979850185e-05 9.50979850068e-05
14.428857715430862 0.0148590652991 -1.41402077436 0.0297181305982 -2.82804154871 0.000428159143452 0.000428159143368
14.478957915831664 -0.0559616762758 -1.41196068581 -0.111923352552 -2.82392137162 8.06768836367e-05 8.06768836111e-05
14.529058116232465 -0.126501610405 -1.40281540863 -0.25300322081 -2.80563081725 2.09290803589e-05 2.09290803461e-05
14.579158316633267 -0.196406768173 -1.38663082968 -0.392813536346 -2.77326165935 3.92550948519e-06 3.92550947629e-06
14.629258517034069 -0.265326356463 -1.36348820737 -0.530652712926 -2.72697641475 4.21168712953e-06 4.21168713622e-06
14.67935871743487 -0.332914548488 -1.33350365817 -0.665829096976 -2.66700731635 9.00957661024e-06 9.00957661558e-06
14.729458917835672 -0.398832186837 -1.29682764032 -0.797664373674 -2.59365528064 1.22055129508e-05 1.22055129551e-05
14.779559118236472 -0.462748554228 -1.25364415761 -0.925497108457 -2.50728831523 1.43898429911e-05 1.43898429943e-05
14.829659318637274 -0.524342753981 -1.20417000321 -1.04868550796 -2.40834000641 1.62681585133e-05 1.62681585158e-05
14.879759519038076 -0.583305890521 -1.14865333313 -1.16661178104 -2.29730666627 1.76417232254e-05 1.76417232275e-05
14.929859719438877 -0.639342047178 -1.08737274101 -1.27868409436 -2.17474548202 1.87275656465e-05 1.87275656479e-05
14.97995991983968 -0.692170048129 -1.02063571182 -1.38434009626 -2.04127142364 1.95886111724e-05 1.95886111732e-05
15.030060120240481 -0.741524773179 -0.948777140448 -1.48304954636 -1.8975542809 2.03228997624e-05 2.03228997629e-05
15.080160320641282 -0.787158544832 -0.872157625645 -1.57431708966 -1.74431525129 2.0983096882e-05 2.09830968818e-05
15.130260521042084 -0.828842361846 -0.7911616635 -1.65768472369 -1.582323327 2.16029507897e-05 2.16029507893e-05
15.180360721442886 -0.866367083021 -0.706195630942 -1.73273416604 -1.41239126188 2.21634396369e-05 2.21634396362e-05
15.230460921843687 -0.899544462996 -0.617685695748 -1.79908892599 -1.2353713915 2.26192478254e-05 2.26192478246e-05
15.280561122244489 -0.928207734643 -0.526076658103 -1.85641546929 -1.05215331621 2.3292264529e-05 2.32922645278e-05
15.330661322645291 -0.952213049145 -0.431828082472 -1.90442609829 -0.863656164944 2.41879320744e-05 2.4187932073e-05
15.380761523046091 -0.971440482288 -0.335412337583 -1.94288096458 -0.670824675167 2.47492942177e-05 2.47492942161e-05
15.430861723446894 -0.985793218926 -0.237313509346 -1.97158643785 -0.474627018692 2.53388110381e-05 2.53388110364e-05
15.480961923847696 -0.995199326905 -0.138023849918 -1.99039865381 -0.276047699835 2.58713441446e-05 2.58713441429e-05
15.531062124248496 -0.999611530431 -0.0380415760344 -1.99922306086 -0.0760831520688 2.64301396561e-05 2.64301396544e-05
15.581162324649299 -0.999007774377 0.0621315762618 -1.99801554875 0.124263152524 2.69352325421e-05 2.69352325405e-05
15.6312625250501 -0.993391010786 0.161992954843 -1.98678202157 0.323985909687 2.74697165218e-05 2.74697165202e-05
15.681362725450901 -0.98278945912 0.261041431145 -1.96557891824 0.522082862291 2.80041627557e-05 2.80041627541e-05
15.731462925851703 -0.967256296992 0.358780002988 -1.93451259398 0.717560005975 2.85652955579e-05 2.85652955567e-05
15.781563126252506 -0.946869490414 0.45471821478 -1.89373898083 0.909436429561 2.913781703e-05 2.9137817029e-05
15.831663326653306 -0.921731332346 0.54837466031 -1.84346266469 1.09674932062 2.97362893656e-05 2.97362893649e-05
15.881763527054108 -0.891967955887 0.639279362774 -1.78393591177 1.27855872555 3.03794901445e-05 3.0379490144e-05
15.93186372745491 -0.85772873606 0.726976184109 -1.71545747212 1.45395236822 3.10514036367e-05 3.10514036363e-05
15.98196392785571 -0.819185452194 0.811025040371 -1.63837090439 1.62205008074 3.18015483612e-05 3.18015483612e-05
16.03206412825651 -0.776531566341 0.89100422017 -1.55306313268 1.78200844034 3.25809447453e-05 3.25809447454e-05
16.082164328657313 -0.729981129725 0.966512405905 -1.45996225945 1.93302481181 3.33817370854e-05 3.3381737086e-05
16.132264529058116 -0.679767642882 1.03717065074 -1.35953528576 2.07434130148 3.43462465075e-05 3.43462465085e-05
16.182364729458918 -0.626143123075 1.1026244191 -1.25228624615 2.2052488382 3.54480792065e-05 3.54480792078e-05
16.23246492985972 -0.569376641566 1.16254526134 -1.13875328313 2.32509052268 3.67640379956e-05 3.67640379973e-05
16.282565130260522 -0.509753050497 1.21663249585 -1.01950610099 2.43326499171 3.83806645583e-05 3.83806645607e-05
16.33266533066132 -0.447571539485 1.26461471436 -0.89514307897 2.52922942872 4.04356947384e-05 4.04356947414e-05
16.382765531062123 -0.38314413263 1.30625114464 -0.76628826526 2.61250228928 4.31686668735e-05 4.31686668771e-05
16.432865731462925 -0.316794104224 1.3413328004 -0.633588208447 2.6826656008 4.70912366659e-05 4.70912366705e-05
16.482965931863728 -0.248854372556 1.36968356498 -0.497708745112 2.73936712997 5.33032021092e-05 5.3303202115e-05
16.53306613226453 -0.17966595625 1.39116141772 -0.359331912499 2.78232283543 6.39403252465e-05 6.39403252544e-05
16.583166332665332 -0.109575955672 1.40565831019 -0.219151911343 2.81131662037 8.83490816922e-05 8.83490817041e-05
16.63326653306613 -0.0389361510475 1.41310179704 -0.077872302095 2.82620359408 0.000199841140839 0.00019984114087
16.683366733466933 0.0318990003083 1.41345446263 0.0637980006166 2.82690892526 0.000182202650772 0.000182202650805
16.733466933867735 0.102574086945 1.40671446952 0.20514817389 2.81342893905 3.71792878327e-05 3.71792878416e-05
16.783567134268537 0.172734462403 1.39291556716 0.345468924807 2.78583113432 1.0411180342e-05 1.04111803462e-05
16.83366733466934 0.242028055936 1.37212685297 0.484056111872 2.74425370594 9.62865888828e-07 9.62865886763e-07
16.88376753507014 0.310107139304 1.34445285259 0.620214278608 2.68890570518 7.37230333315e-06 7.37230333207e-06
16.93386773547094 0.376630067471 1.31003214848 0.753260134941 2.62006429696 1.16234086736e-05 1.16234086734e-05
16.983967935871743 0.441263038814 1.26903794991 0.882526077628 2.53807589981 1.47062334249e-05 1.47062334252e-05
17.034068136272545 0.503681696346 1.22167565855 1.00736339269 2.44335131711 1.71570296776e-05 1.71570296785e-05
17.084168336673347 0.563572859726 1.16818320977 1.12714571945 2.33636641955 1.91457184034e-05 1.91457184046e-05
17.13426853707415 0.620636000442 1.10882890654 1.24127200088 2.21765781307 2.08182249828e-05 2.08182249842e-05
17.18436873747495 0.674584743971 1.04391050726 1.34916948794 2.08782101451 2.23196991558e-05 2.23196991573e-05
17.23446893787575 0.725148466 0.973753938339 1.450296932 1.94750787668 2.35798757746e-05 2.35798757761e-05
17.284569138276552 0.772073321056 0.898710982295 1.54414664211 1.79742196459 2.48113109558e-05 2.48113109573e-05
17.334669338677354 0.815123968714 0.819158476834 1.63024793743 1.63831695367 2.58749499668e-05 2.58749499685e-05
17.384769539078157 0.854084280629 0.735495421298 1.70816856126 1.4709908426 2.69253458715e-05 2.69253458732e-05
17.43486973947896 0.888758808903 0.648141762288 1.77751761781 1.29628352458 2.79140492872e-05 2.7914049289e-05
17.48496993987976 0.918973596522 0.557535849754 1.83794719304 1.11507169951 2.88156613614e-05 2.8815661363e-05
17.53507014028056 0.94457687116 0.464132197064 1.88915374232 0.928264394128 2.98120313322e-05 2.98120313338e-05
17.585170340681362 0.965440381032 0.368399701181 1.93088076206 0.736799402362 3.06728247669e-05 3.06728247683e-05
17.635270541082164 0.981459231781 0.270818572773 1.96291846356 0.541637145546 3.16209787442e-05 3.16209787454e-05
17.685370741482966 0.992553308069 0.17187864653 1.98510661614 0.34375729306 3.23929925557e-05 3.23929925568e-05
17.73547094188377 0.998666858991 0.0720763182493 1.99733371798 0.144152636499 3.30837566499e-05 3.30837566507e-05
17.78557114228457 0.999769168157 -0.0280876306795 1.99953833631 -0.056175261359 3.37405067806e-05 3.37405067812e-05
17.83567134268537 0.995854670302 -0.128110618856 1.9917093406 -0.256221237713 3.44040278474e-05 3.44040278477e-05
17.88577154308617 0.986943001458 -0.227490751628 1.97388600292 -0.454981503256 3.50879854459e-05 3.50879854459e-05
17.935871743486974 0.973078876524 -0.325729334709 1.94615775305 -0.651458669419 3.58035349322e-05 3.58035349318e-05
17.985971943887776 0.954331845878 -0.422333397375 1.90866369176 -0.84466679475 3.65795953418e-05 3.65795953408e-05
18.03607214428858 0.930796050808 -0.516818171735 1.86159210162 -1.03363634347 3.73532933262e-05 3.73532933248e-05
18.08617234468938 0.902589567643 -0.608709544787 1.80517913529 -1.21741908957 3.81606476674e-05 3.81606476653e-05
18.13627254509018 0.869853878502 -0.697546390663 1.739707757 -1.39509278133 3.90788718559e-05 3.9078871853e-05
18.18637274549098 0.832753282361 -0.782882946587 1.66550656472 -1.56576589317 4.00917020096e-05 4.00917020057e-05
18.236472945891784 0.79147398613 -0.864291013251 1.58294797226 -1.7285820265 4.11758635634e-05 4.11758635588e-05
18.286573146292586 0.746223054364 -0.94136203321 1.49244610873 -1.88272406642 4.24532667053e-05 4.24532666995e-05
18.336673346693388 0.697227663076 -1.01370932373 1.39445532615 -2.02741864745 4.38198150306e-05 4.38198150238e-05
18.386773547094187 0.64473364655 -1.08096984838 1.2894672931 -2.16193969676 4.53462824551e-05 4.53462824468e-05
18.43687374749499 0.589004354256 -1.14280602444 1.17800870851 -2.28561204889 4.72004833572e-05 4.72004833474e-05
18.48697394789579 0.530319517038 -1.19890767451 1.06063903408 -2.39781534902 4.93498405647e-05 4.93498405533e-05
18.537074148296593 0.468973572878 -1.24899323845 0.937947145756 -2.49798647689 5.20164447154e-05 5.20164447022e-05
18.587174348697395 0.405274318259 -1.29281131802 0.810548636518 -2.58562263605 5.55542233871e-05 5.55542233719e-05
18.637274549098198 0.33954146868 -1.33014216327 0.679082937361 -2.66028432655 6.02770122098e-05 6.02770121925e-05
18.687374749498996 0.272104820493 -1.36079835887 0.544209640986 -2.72159671773 6.72851859995e-05 6.72851859795e-05
18.7374749498998 0.203302782774 -1.38462607883 0.406605565548 -2.76925215765 7.88828304732e-05 7.88828304495e-05
18.7875751503006 0.133480621848 -1.4015058404 0.266961243697 -2.80301168081 0.00010220873857 0.000102208738539
18.837675350701403 0.0629886704656 -1.41135282939 0.125977340931 -2.82270565878 0.000177329165856 0.000177329165804
18.887775551102205 -0.00781930158318 -1.41411784606 -0.0156386031664 -2.82823569211 0.0010996550229 0.0010996550226
18.937875751503007 -0.0785880085057 -1.40978695147 -0.157176017011 -2.81957390294 7.55285359284e-05 7.55285359116e-05
18.987975951903806 -0.148962351478 -1.39838182126 -0.297924702956 -2.79676364253 2.17447088181e-05 2.17447088161e-05
19.03807615230461 -0.218589205951 -1.37995965027 -0.437178411902 -2.75991930055 2.40354979393e-06 2.40354979749e-06
19.08817635270541 -0.287119186006 -1.35461286288 -0.574238372011 -2.70922572577 7.63915502425e-06 7.63915501787e-06
19.138276553106213 -0.354208403028 -1.32246867357 -0.708416806055 -2.64493734713 1.38657433877e-05 1.38657433799e-05
19.188376753507015 -0.419520203154 -1.28368841107 -0.839040406308 -2.56737682215 1.81585038805e-05 1.81585038718e-05
19.238476953907817 -0.48272684826 -1.23846663152 -0.965453696519 -2.47693326304 2.13482225735e-05 2.13482225644e-05
19.288577154308616 -0.54351117087 -1.18703023871 -1.08702234174 -2.37406047742 2.3843878057e-05 2.38438780476e-05
19.338677354709418 -0.601568130763 -1.12963726428 -1.20313626153 -2.25927452857 2.59215846578e-05 2.59215846484e-05
19.38877755511022 -0.65660644314 -1.06657586036 -1.31321288628 -2.13315172072 2.76451349872e-05 2.7645134978e-05
19.438877755511022 -0.708349895779 -0.998162388694 -1.41669979156 -1.99632477739 2.91576889632e-05 2.91576889544e-05
19.488977955911825 -0.756538845382 -0.924740199657 -1.51307769076 -1.84948039931 3.05118022346e-05 3.05118022261e-05
19.539078156312627 -0.800931517161 -0.846677781748 -1.60186303432 -1.6933555635 3.17041871091e-05 3.17041871011e-05
19.589178356713425 -0.841305099309 -0.764366757571 -1.68261019862 -1.52873351514 3.28322615889e-05 3.28322615815e-05
19.639278557114228 -0.877457034787 -0.678220214264 -1.75491406957 -1.35644042853 3.38744561236e-05 3.38744561168e-05
19.68937875751503 -0.909205932578 -0.588670434623 -1.81841186516 -1.17734086925 3.48311272156e-05 3.48311272094e-05
19.739478957915832 -0.936392410986 -0.496166706003 -1.87278482197 -0.992333412005 3.57916505968e-05 3.57916505913e-05
19.789579158316634 -0.958880121997 -0.401173290629 -1.91776024399 -0.802346581258 3.66892040234e-05 3.66892040187e-05
19.839679358717436 -0.976556216674 -0.304166845417 -1.95311243335 -0.608333690834 3.75435201959e-05 3.7543520192e-05
19.889779559118235 -0.989331922272 -0.205634103862 -1.97866384454 -0.411268207723 3.84409032281e-05 3.84409032249e-05
19.939879759519037 -0.997143235112 -0.106069564102 -1.99428647022 -0.212139128205 3.92839786134e-05 3.9283978611e-05
19.98997995991984 -0.999950930083 -0.00597280739207 -1.99990186017 -0.0119456147841 4.01106736949e-05 4.01106736931e-05
20.04008016032064 -0.997741062712 0.0941538517559 -1.99548212542 0.188307703512 4.07846793732e-05 4.07846793722e-05
20.090180360721444 -0.990524583459 0.193808046021 -1.98104916692 0.387616092041 4.14516833977e-05 4.14516833976e-05
20.140280561122246 -0.978337673945 0.292489726646 -1.95667534789 0.584979453293 4.2149390703e-05 4.21493907038e-05
20.190380761523045 -0.961241560214 0.389703679681 -1.92248312043 0.779407359363 4.28106001743e-05 4.2810600176e-05
20.240480961923847 -0.939322024083 0.484962092115 -1.87864404817 0.96992418423 4.3446353237e-05 4.34463532397e-05
20.29058116232465 -0.912689016637 0.577786977636 -1.82537803327 1.15557395527 4.41055918335e-05 4.41055918369e-05
20.34068136272545 -0.881476109678 0.66771255668 -1.76295221936 1.33542511336 4.48785898944e-05 4.48785898986e-05
20.390781563126254 -0.845839888818 0.754287614564 -1.69167977764 1.50857522913 4.58328649038e-05 4.58328649086e-05
20.440881763527056 -0.805959248242 0.837077691969 -1.61191849648 1.67415538394 4.69120685534e-05 4.69120685589e-05
20.490981963927855 -0.762034342079 0.915667331811 -1.52406868416 1.83133466362 4.81020448863e-05 4.81020448924e-05
20.541082164328657 -0.714285597749 0.989662158808 -1.4285711955 1.97932431762 4.94167380832e-05 4.94167380899e-05
20.59118236472946 -0.662952594003 1.05869083137 -1.32590518801 2.11738166274 5.09317620736e-05 5.09317620807e-05
20.64128256513026 -0.608292927847 1.1224070243 -1.21658585569 2.24481404861 5.26984840959e-05 5.26984841033e-05
20.691382765531063 -0.550580853177 1.18049099197 -1.10116170635 2.36098198394 5.48596946206e-05 5.48596946282e-05
20.741482965931862 -0.490105955145 1.23265125567 -0.98021191029 2.46530251134 5.76041404591e-05 5.76041404669e-05
20.791583166332664 -0.427171763992 1.27862615153 -0.854343527984 2.55725230306 6.1049743598e-05 6.1049743606e-05
20.841683366733466 -0.362094060794 1.31818492806 -0.724188121589 2.63636985613 6.5661073932e-05 6.56610739399e-05
20.89178356713427 -0.295199394743 1.35112904001 -0.590398789486 2.70225808002 7.22972469089e-05 7.22972469168e-05
20.94188376753507 -0.226823468554 1.37729327121 -0.453646937108 2.75458654241 8.27200547408e-05 8.27200547483e-05
20.991983967935873 -0.157309365944 1.39654628672 -0.314618731889 2.79309257344 0.000102184549088 0.000102184549095
21.04208416833667 -0.0870058909802 1.40879141444 -0.17401178196 2.81758282888 0.000152926806805 0.000152926806811
21.092184368737474 -0.016265864524 1.41396738311 -0.032531729048 2.82793476622 0.000640901603843 0.000640901603838
21.142284569138276 0.054555750274 1.41204817042 0.109111500548 2.82409634083 0.000136942405791 0.000136942405779
21.19238476953908 0.125103587375 1.40304338205 0.25020717475 2.8060867641 3.5586627316e-05 3.55866273067e-05
21.24248496993988 0.195023652728 1.38699816069 0.390047305456 2.77399632139 7.20175955037e-06 7.20175954197e-06
21.292585170340683 0.263965097387 1.36399301916 0.527930194775 2.72798603832 6.2493444709e-06 6.24934447868e-06
21.34268537074148 0.331581970493 1.33414341533 0.663163940985 2.66828683066 1.41760964569e-05 1.41760964645e-05
21.392785571142284 0.39753496893 1.2975991416 0.79506993786 2.5951982832 1.94632278874e-05 1.94632278943e-05
21.442885771543086 0.461493139122 1.25454356359 0.922986278243 2.50908712717 2.32912448583e-05 2.32912448647e-05
21.492985971943888 0.523135520289 1.20519264241 1.04627104058 2.41038528483 2.62665230276e-05 2.62665230335e-05
21.54308617234469 0.582152808821 1.14979408162 1.16430561764 2.29958816324 2.86582646926e-05 2.86582646977e-05
21.593186372745492 0.638248858661 1.08862590382 1.27649771732 2.17725180763 3.06482918717e-05 3.06482918764e-05
21.64328657314629 0.691142140415 1.02199495334 1.38228428083 2.04398990669 3.24121314224e-05 3.24121314266e-05
21.693386773547093 0.740567300191 0.950235776144 1.48113460038 1.90047155229 3.39296605721e-05 3.39296605757e-05
21.743486973947896 0.78627630685 0.873708389149 1.5725526137 1.7474167783 3.52835535531e-05 3.52835535563e-05
21.793587174348698 0.828039750934 0.792796747827 1.65607950187 1.58559349565 3.6565891045e-05 3.65658910475e-05
21.8436873747495 0.865648145764 0.707906968682 1.73129629153 1.41581393736 3.77058709797e-05 3.77058709816e-05
21.893787575150302 0.898912719462 0.61946493988 1.79782543892 1.23892987976 3.87926686908e-05 3.87926686922e-05
21.9438877755511 0.927666551418 0.527914469371 1.85533310284 1.05582893874 3.98426890791e-05 3.98426890799e-05
21.993987975951903 0.951765410222 0.433715006236 1.90353082044 0.867430012471 4.08124470217e-05 4.08124470219e-05
22.044088176352705 0.971088295955 0.337339176353 1.94217659191 0.674678352706 4.17922891772e-05 4.17922891768e-05
22.094188376753507 0.985538297739 0.239270643832 1.97107659548 0.478541287663 4.27398793522e-05 4.27398793515e-05
22.14428857715431 0.995042926424 0.140001510552 1.99008585285 0.280003021104 4.36454818488e-05 4.36454818476e-05
22.194388777555112 0.999554405682 0.0400298692318 1.99910881136 0.0800597384637 4.46018073853e-05 4.46018073836e-05
22.24448897795591 0.999050342704 -0.0601425484825 1.99810068541 -0.120285096965 4.53719128814e-05 4.53719128794e-05
22.294589178356713 0.993533126394 -0.160013157507 1.98706625279 -0.320026315014 4.61046608793e-05 4.6104660877e-05
22.344689378757515 0.983030390811 -0.25908083832 1.96606078162 -0.51816167664 4.68588707436e-05 4.6858870741e-05
22.394789579158317 0.967594830173 -0.35684850559 1.93518966035 -0.713697011181 4.76513356404e-05 4.76513356376e-05
22.44488977955912 0.94730390444 -0.452825589758 1.89460780888 -0.905651179515 4.84869092415e-05 4.84869092385e-05
22.49498997995992 0.922259438979 -0.546530398268 1.84451887796 -1.09306079654 4.93703009463e-05 4.93703009431e-05
22.54509018036072 0.892587079126 -0.637492801163 1.78517415825 -1.27498560233 5.0344840137e-05 5.03448401338e-05
22.595190380761522 0.858435712485 -0.725256336062 1.71687142497 -1.45051267212 5.14385964692e-05 5.1438596466e-05
22.645290581162325 0.819976768201 -0.809380364757 1.6399535364 -1.61876072951 5.26062881704e-05 5.26062881673e-05
22.695390781563127 0.777403270946 -0.889442653813 1.55480654189 -1.77888530763 5.38210810904e-05 5.38210810877e-05
22.74549098196393 0.730928816108 -0.965041749449 1.46185763222 -1.9300834989 5.51547740678e-05 5.51547740653e-05
22.795591182364728 0.680786574136 -1.0357984611 1.36157314827 -2.0715969222 5.67001504633e-05 5.67001504612e-05
22.84569138276553 0.627228153617 -1.1013576921 1.25445630723 -2.2027153842 5.85304462076e-05 5.8530446206e-05
22.895791583166332 0.570522306203 -1.16139037186 1.14104461241 -2.32278074373 6.07510016255e-05 6.07510016247e-05
22.945891783567134 0.510953559957 -1.21559518134 1.02190711991 -2.43119036267 6.35560721416e-05 6.35560721414e-05
22.995991983967937 0.448820852941 -1.26370004175 0.897641705883 -2.5274000835 6.71574389676e-05 6.71574389686e-05
23.04609218436874 0.384436004453 -1.30546367405 0.768872008907 -2.61092734811 7.18820517289e-05 7.18820517315e-05
23.096192384769537 0.318122076 -1.34067645064 0.636244152001 -2.68135290127 7.85329209364e-05 7.85329209407e-05
23.14629258517034 0.25021185645 -1.36916177601 0.500423712901 -2.73832355203 8.86199815317e-05 8.86199815385e-05
23.196392785571142 0.181046108469 -1.39077675985 0.362092216938 -2.78155351971 0.000106207033034 0.000106207033045
23.246492985971944 0.110971883093 -1.40541285115 0.221943766185 -2.81082570231 0.00014581549098 0.000145815491
23.296593186372746 0.0403408222932 -1.41299662681 0.0806816445863 -2.82599325362 0.000323112620442 0.0003231126205
23.34669338677355 -0.0304926266626 -1.41349013743 -0.0609852533252 -2.82698027485 0.000321098121361 0.000321098121439
23.396793587174347 -0.101173024447 -1.40689090172 -0.202346048895 -2.81378180343 6.37328071906e-05 6.37328072137e-05
23.44689378757515 -0.171345733473 -1.39323195874 -0.342691466947 -2.78646391749 1.79079622619e-05 1.79079622749e-05
23.49699398797595 -0.240658645537 -1.37258181313 -0.481317291074 -2.74516362626 1.31756371601e-06 1.31756370759e-06
23.547094188376754 -0.308763927728 -1.34504413587 -0.617527855456 -2.69008827174 1.20326277479e-05 1.20326277421e-05
23.597194388777556 -0.375319829826 -1.31075709396 -0.750639659652 -2.62151418792 1.89428661026e-05 1.89428660986e-05
23.647294589178358 -0.439992417709 -1.26989268455 -0.879984835418 -2.53978536909 2.37333326792e-05 2.37333326767e-05
23.697394789579157 -0.50245714896 -1.2226559808 -1.00491429792 -2.44531196159 2.7295891344e-05 2.72958913427e-05
23.74749498997996 -0.562400553206 -1.16928405512 -1.12480110641 -2.33856811024 3.01131081466e-05 3.0113108146e-05
23.79759519038076 -0.619521861061 -1.11004470741 -1.23904372212 -2.22008941482 3.23861405624e-05 3.23861405623e-05
23.847695390781563 -0.673534431033 -1.04523520076 -1.34706886207 -2.09047040152 3.42866353549e-05 3.42866353553e-05
23.897795591182366 -0.724167227891 -0.975180743631 -1.44833445578 -1.95036148726 3.59180077214e-05 3.59180077221e-05
23.947895791583168 -0.771166180856 -0.900232868899 -1.54233236171 -1.8004657378 3.73446540516e-05 3.73446540528e-05
23.997995991983966 -0.814295454742 -0.820767666094 -1.62859090948 -1.64153533219 3.86105692713e-05 3.86105692727e-05
24.04809619238477 -0.853338625162 -0.737183889054 -1.70667725032 -1.47436777811 3.97558643471e-05 3.97558643488e-05
24.09819639278557 -0.888099783089 -0.649900957286 -1.77619956618 -1.29980191457 4.07981432078e-05 4.07981432098e-05
24.148296593186373 -0.918404497486 -0.559356826718 -1.83680899497 -1.11871365344 4.17600048393e-05 4.17600048415e-05
24.198396793587175 -0.944100756721 -0.466005600644 -1.88820151344 -0.932011201289 4.25988626999e-05 4.25988627022e-05
24.248496993987978 -0.965059507266 -0.37031606063 -1.93011901453 -0.740632121259 4.34473700529e-05 4.34473700552e-05
24.298597194388776 -0.981175432032 -0.27276859101 -1.96235086406 -0.545537182019 4.44629137291e-05 4.44629137315e-05
24.34869739478958 -0.992367847121 -0.173852397093 -1.98473569424 -0.347704794187 4.54607738337e-05 4.54607738359e-05
24.39879759519038 -0.998580676551 -0.0740637244527 -1.9971613531 -0.148127448905 4.63642053388e-05 4.63642053411e-05
24.448897795591183 -0.999782603855 0.0260965706071 -1.99956520771 0.0521931412143 4.73247528146e-05 4.7324752817e-05
24.498997995991985 -0.995967727384 0.126125904412 -1.99193545477 0.252251808824 4.82217875438e-05 4.82217875463e-05
24.549098196392787 -0.987155048192 0.225522341034 -1.97431009638 0.451044682067 4.92073587764e-05 4.9207358779e-05
24.599198396793586 -0.973388978378 0.323787098218 -1.94677795676 0.647574196437 5.00983230267e-05 5.00983230295e-05
24.649298597194388 -0.954738388169 0.420427089711 -1.90947677634 0.840854179422 5.11169619192e-05 5.11169619218e-05
24.69939879759519 -0.931297018337 0.514957514684 -1.86259403667 1.02991502937 5.21173997124e-05 5.21173997149e-05
24.749498997995993 -0.903182370229 0.606903589896 -1.80636474046 1.21380717979 5.32487801904e-05 5.32487801927e-05
24.799599198396795 -0.870535702816 0.695804402781 -1.74107140563 1.39160880556 5.43280760426e-05 5.43280760448e-05
24.849699398797597 -0.833520763471 0.781213707071 -1.66704152694 1.56242741414 5.54474552777e-05 5.54474552798e-05
24.899799599198396 -0.792323221446 0.862702970488 -1.58464644289 1.72540594098 5.67132630469e-05 5.67132630484e-05
24.949899799599198 -0.747149783787 0.939863302979 -1.49429956757 1.87972660596 5.81910578341e-05 5.81910578351e-05
25.0 -0.698227091651 1.01230754276 -1.3964541833 2.02461508553 5.99917737783e-05 5.99917737787e-05
