0.0 1.0 0.5 2.0 0.5
0.0625782227784731 1.0339302392 0.584063668265 2.02757255441 0.381583858958
0.1251564455569462 1.07303940067 0.665264416974 2.04781827693 0.266063575023
0.18773466833541927 1.11710140654 0.742107013285 2.06096066421 0.154785314693
0.2503128911138924 1.16579842765 0.813172736906 2.06730557054 0.0490182301926
0.31289111389236546 1.21872711703 0.87714022873 2.0672350958 -0.050063551464
0.37546933667083854 1.27540491032 0.932804574326 2.06120148011 -0.141397354603
0.4380475594493116 1.33527801487 0.979094614404 2.04971951978 -0.2240466424
0.5006257822277848 1.39773002922 1.01508752366 2.03335848756 -0.297213211512
0.5632040050062578 1.46209195498 1.04002204879 2.01273283833 -0.360248062866
0.6257822277847309 1.52765239043 1.05330811808 1.98849284125 -0.412659022289
0.688360450563204 1.59366859759 1.05453454414 1.96131447573 -0.454116581478
0.7509386733416771 1.65937776659 1.04347369626 1.93188922442 -0.484457021025
0.8135168961201502 1.72400887365 1.02008348199 1.90091339952 -0.503683081554
0.8760951188986232 1.7867939916 0.984506622522 1.86907802495 -0.511962275054
0.9386733416770964 1.84697948202 0.937066919668 1.83705889676 -0.509622527673
1.0012515644555695 1.90383766217 0.878263251551 1.80550627223 -0.497145756283
1.0638297872340425 1.95667733488 0.808760693034 1.77503564617 -0.47515898957
1.1264080100125156 2.00485356744 0.729379785732 1.74621924367 -0.444423911097
1.1889862327909888 2.04777796292 0.641081777998 1.71957716625 -0.405822769048
1.2515644555694618 2.08492587327 0.544954587793 1.69557126007 -0.360345212568
1.3141426783479349 2.11584428533 0.442195214071 1.67459846353 -0.309071904713
1.376720901126408 2.14015802728 0.334091014919 1.65698568487 -0.253157282382
1.4392991239048811 2.15757465424 0.222000807613 1.64298586549 -0.193812280611
1.5018773466833542 2.1678888939 0.10733200557 1.6327745276 -0.132283570686
1.5644555694618272 2.17098409478 -0.00847815780832 1.62644890903 -0.0698367146196
1.6270337922403004 2.16683408846 -0.123985392739 1.62402681752 -0.00773573292206
1.6896120150187734 2.15550267975 -0.237759377051 1.62544756561 0.0527755582054
1.7521902377972465 2.13714223484 -0.348404906446 1.6305737134 0.110492237427
1.8147684605757197 2.11199079798 -0.454582028117 1.63919410141 0.164265926168
1.8773466833541927 2.08036801116 -0.555025532837 1.65102793666 0.213021753256
1.9399249061326658 2.04266989316 -0.648562708794 1.66572985584 0.255773665368
2.002503128911139 1.99936245145 -0.734130071204 1.6828960052 0.291638716162
2.065081351689612 1.95097470127 -0.810787439921 1.70207058706 0.319848939239
2.127659574468085 1.8980899204 -0.877731985061 1.72275397685 0.339763026509
2.1902377972465583 1.84133727892 -0.934307434492 1.74441039275 0.350873735477
2.252816020025031 1.78138215602 -0.980013063869 1.76647672824 0.35281497912
2.3153942428035044 1.71891624525 -1.01450945267 1.78837149547 0.345366017058
2.3779724655819776 1.65464732649 -1.03762202043 1.80950401173 0.328453639248
2.4405506883604504 1.58928891743 -1.04934197772 1.82928362952 0.302152036832
2.5031289111389237 1.5235499298 -1.04982485901 1.84712890279 0.266680520676
2.565707133917397 1.45812453921 -1.0393863497 1.86247649528 0.222398851147
2.6282853566958697 1.39368227226 -1.0184965644 1.87478985647 0.169801209511
2.690863579474343 1.33085843137 -0.98777249872 1.88356755043 0.109508575057
2.753441802252816 1.2702457576 -0.94796365729 1.88835030961 0.0422551437535
2.816020025031289 1.21238602214 -0.899943725838 1.88872830152 -0.0311198790614
2.8785982478097623 1.15776289086 -0.844694573882 1.88434706812 -0.109687193839
2.9411764705882355 1.10679564917 -0.78329067432 1.87491270631 -0.19244186987
3.0037546933667083 1.05983375954 -0.716882468859 1.86019627809 -0.278318668387
3.0663329161451816 1.01715274759 -0.646678353577 1.84003699898 -0.366208468938
3.1289111389236544 0.97895127583 -0.57392595617 1.81434434722 -0.454975214404
3.1914893617021276 0.945349221759 -0.499893139988 1.7830992683 -0.543473004527
3.254067584480601 0.916386963375 -0.425849040915 1.74635430101 -0.630563046261
3.3166458072590737 0.892025896867 -0.353045105512 1.70423260189 -0.715130486725
3.379224030037547 0.872150206167 -0.282696541657 1.65692586076 -0.796100760667
3.44180225281602 0.856569578742 -0.215964442003 1.60469138691 -0.872455249518
3.504380475594493 0.845023039494 -0.153938879374 1.54784821979 -0.943245969397
3.566958698372966 0.837184136289 -0.0976234794391 1.48677206776 -1.00760881602
3.6295369211514394 0.832666852528 -0.0479211604179 1.4218896258 -1.06477570168
3.6921151439299122 0.831032032861 -0.00562150251731 1.35367247459 -1.11408519246
3.7546933667083855 0.831794917003 0.0286098616842 1.28263003912 -1.15499124102
3.8172715894868587 0.83443323724 0.0542401591615 1.2093020851 -1.18707035427
3.8798498122653315 0.838395712372 0.0708762386555 1.13425091435 -1.21002680908
3.942428035043805 0.843110948558 0.0782691227714 1.0580532509 -1.22369586119
4.005006257822278 0.847996554394 0.0763164309184 0.981291988407 -1.22804503758
4.067584480600751 0.852468325463 0.0650626067445 0.904547929773 -1.22317346676
4.130162703379224 0.855949386327 0.0446968649205 0.828391621366 -1.20930918181
4.192740926157697 0.857879133854 0.0155490801765 0.753375415864 -1.18680460914
4.25531914893617 0.857721852805 -0.0219164056094 0.680025879821 -1.1561302338
4.317897371714643 0.854974880761 -0.0671089821382 0.608836653964 -1.11786652047
4.380475594493117 0.849176211149 -0.119321690273 0.540261858701 -1.07269435446
4.44305381727159 0.839911414877 -0.177742842523 0.474710151232 -1.02138403171
4.505632040050062 0.826819791707 -0.24146910216 0.412539507773 -0.964783021866
4.5682102628285355 0.809599694113 -0.309519755536 0.354052775548 -0.903802746229
4.630788485607009 0.788012853833 -0.380852130545 0.299494145324 -0.839404428349
4.693366708385482 0.761887740243 -0.454377732861 0.249046507856 -0.772584396104
4.755944931163955 0.731121937692 -0.528978883383 0.202829700436 -0.704359029284
4.8185231539424285 0.695683614261 -0.603525644674 0.160899573493 -0.635749534937
4.881101376720901 0.655611382039 -0.676893002197 0.123248502672 -0.567766646438
4.943679599499374 0.611013687589 -0.747977480502 0.0898063074467 -0.501395869782
5.006257822277847 0.562067004107 -0.815713476753 0.0604422350343 -0.43758309383
5.068836045056321 0.509012844264 -0.879088920257 0.0349679831081 -0.377220911226
5.131414267834794 0.452154006305 -0.937159922074 0.0131413838346 -0.321135910463
5.193992490613266 0.391849898421 -0.989064207146 -0.00532911662999 -0.270077138622
5.256570713391739 0.328510959144 -1.03403358412 -0.0207791941636 -0.224705505314
5.319148936170213 0.262592496935 -1.07140425847 -0.033582914133 -0.185585162164
5.381727158948686 0.194587823108 -1.10062613716 -0.0441463921761 -0.153175845966
5.444305381727159 0.125021023368 -1.12126991691 -0.0529011843214 -0.127827229849
5.506883604505632 0.0544390333103 -1.13303273502 -0.0602970905136 -0.109774619036
5.569461827284105 -0.0165963421062 -1.13574148797 -0.0667949633096 -0.099136729107
5.632040050062578 -0.087516503305 -1.12935430877 -0.0728594765739 -0.0959151127249
5.694618272841051 -0.157754342396 -1.11396018673 -0.0789517504116 -0.099995259899
5.7571964956195245 -0.226752362868 -1.08977657027 -0.0855221731738 -0.111149478789
5.819774718397998 -0.293970593949 -1.05714513614 -0.0930034512133 -0.129041390056
5.882352941176471 -0.358894176408 -1.01652561278 -0.101803999106 -0.153232122978
5.944931163954943 -0.421040510204 -0.968487972541 -0.112301760729 -0.183187922936
6.007509386733417 -0.479965874867 -0.91370319679 -0.124838535869 -0.218288980218
6.07008760951189 -0.535271426181 -0.852932435723 -0.13971490277 -0.257839629714
6.132665832290363 -0.586608457599 -0.787015004294 -0.157185825665 -0.301079518005
6.195244055068836 -0.633682893312 -0.716855283702 -0.177456975124 -0.347195672899
6.257822277847309 -0.676258925561 -0.643408823117 -0.200681832136 -0.39533520481
6.320400500625782 -0.714161756006 -0.567667826167 -0.226959607299 -0.444618471896
6.382978723404255 -0.747279466369 -0.49064596756 -0.256333953942 -0.494152759972
6.4455569461827285 -0.775563819358 -0.413363564934 -0.288792627889 -0.54304554572
6.508135168961202 -0.79903025216 -0.336832193836 -0.324267881788 -0.590418179993
6.570713391739675 -0.817756840016 -0.262039949905 -0.362637763334 -0.635418898174
6.633291614518147 -0.831882388625 -0.189937151916 -0.40372818055 -0.67723535621
6.6958698372966206 -0.841603608767 -0.12142247064 -0.447315776155 -0.715106701359
6.758448060075094 -0.847171523402 -0.0573303985088 -0.493131454213 -0.748334377017
6.821026282853567 -0.848887028848 0.00158072096923 -0.540864648357 -0.776292349729
6.88360450563204 -0.847095855806 0.0546388386439 -0.590168080782 -0.798435654714
6.9461827284105135 -0.842182825654 0.101267605212 -0.640663132151 -0.814308216402
7.008760951188986 -0.834565640428 0.140993780556 -0.691945578432 -0.823548847785
7.071339173967459 -0.82468822602 0.173453240253 -0.743591691766 -0.825895958742
7.133917396745932 -0.813013759552 0.198395312934 -0.795164581775 -0.821190748514
7.196495619524406 -0.800017492345 0.215685290721 -0.846220673802 -0.80937875228
7.259073842302879 -0.786179448944 0.225305297952 -0.896316256728 -0.790509914361
7.321652065081351 -0.771977133705 0.227353323649 -0.94501397799 -0.764737027138
7.3842302878598245 -0.757878345113 0.222040626778 -0.99188920148 -0.732312731265
7.446808510638298 -0.744334246085 0.20968738114 -1.03653609237 -0.693584972552
7.509386733416771 -0.731772695296 0.190716809489 -1.07857343063 -0.648991138233
7.571964956195244 -0.720592034068 0.165647800757 -1.11764997913 -0.599050885476
7.6345431789737175 -0.711155455923 0.135086375437 -1.15344930181 -0.54435799935
7.69712140175219 -0.703785556541 0.0997152817018 -1.18569437328 -0.485570602474
7.759699624530663 -0.698760229702 0.0602834363778 -1.21415098114 -0.423401354724
7.822277847309136 -0.696308714118 0.0175938677982 -1.23863095532 -0.358606332044
7.88485607008761 -0.696608631491 -0.0275088492163 -1.25899449799 -0.29197354682
7.947434292866083 -0.699783775445 -0.0741516838178 -1.2751518286 -0.224311071107
8.010012515644556 -0.705902795763 -0.121446539358 -1.28706402016 -0.15643497727
8.07259073842303 -0.714978629255 -0.168503728642 -1.29474316533 -0.089157273305
8.135168961201503 -0.726968838648 -0.214445374087 -1.29825173167 -0.0232739905971
8.197747183979976 -0.741776768329 -0.25841850581 -1.29770119323 0.0404463822761
8.260325406758447 -0.75925344354 -0.29960770958 -1.29325000912 0.101273995128
8.32290362953692 -0.779200476295 -0.337246913043 -1.2851007173 0.158527868197
8.385481852315394 -0.801373307529 -0.370630595569 -1.27349674957 0.2115855811
8.448060075093867 -0.825485291198 -0.399123958552 -1.25871851477 0.259891955802
8.51063829787234 -0.851212619776 -0.422171638441 -1.24107875969 0.302966361111
8.573216520650814 -0.878199396742 -0.439305545605 -1.22091782766 0.340409226792
8.635794743429287 -0.906063328694 -0.450151113465 -1.19859839727 0.371907082327
8.69837296620776 -0.934401962006 -0.454432238775 -1.17449976584 0.397236379181
8.760951188986233 -0.962798311825 -0.45197425531 -1.14901272668 0.416265617455
8.823529411764707 -0.990827865728 -0.442706199642 -1.12253323032 0.428956714342
8.88610763454318 -1.01806493774 -0.426660861872 -1.09545668266 0.435364459726
8.948685857321651 -1.04408912139 -0.403973474337 -1.06817218719 0.435634749448
9.011264080100124 -1.0684915102 -0.374878946359 -1.0410570306 0.430001545248
9.073842302878598 -1.09088102074 -0.339707478351 -1.01447111495 0.418782381883
9.136420525657071 -1.11089013184 -0.298878800335 -0.98875194606 0.402372703424
9.198998748435544 -1.12818014996 -0.252895339587 -0.96421007162 0.381239290125
9.261576971214017 -1.1424461932 -0.202334057489 -0.941124802522 0.355912526417
9.32415519399249 -1.1534215576 -0.147837336386 -0.919740509762 0.326977880525
9.386733416770964 -1.16088152811 -0.0901028798241 -0.900263441379 0.295066557359
9.449311639549437 -1.16464649096 -0.0298729936944 -0.882859179191 0.260845665297
9.51188986232791 -1.16458443753 0.0320771230303 -0.86765066266 0.22500755794
9.574468085106384 -1.16061256578 0.0949507792207 -0.854717013184 0.188259534595
9.637046307884857 -1.15269828656 0.157941915894 -0.844092906848 0.151312952338
9.699624530663328 -1.14085942571 0.220247066686 -0.835768662254 0.114872559048
9.762202753441802 -1.12516371557 0.281077116382 -0.829690958698 0.0796260726787
9.824780976220275 -1.10572749901 0.339669278153 -0.825764262316 0.0462336394663
9.887359198998748 -1.08271375202 0.39529765009 -0.823852828433 0.0153186207178
9.949937421777221 -1.05632944352 0.447283869865 -0.823783297004 -0.0125416456869
10.012515644555695 -1.0268222511 0.495006697157 -0.825347838107 -0.0368240689134
10.075093867334168 -0.99447672254 0.537910708337 -0.828307770855 -0.0570671865288
10.137672090112641 -0.959609899541 0.575513903252 -0.832397636351 -0.0728775269213
10.200250312891114 -0.922566491346 0.607414130374 -0.837329643909 -0.0839348775483
10.262828535669588 -0.88371375688 0.633294368429 -0.842798349744 -0.0899965077968
10.32540675844806 -0.843436021751 0.652926620437 -0.848485627981 -0.0909001222651
10.387984981226532 -0.802129028387 0.666174458144 -0.854065757677 -0.0865655968738
10.450563204005006 -0.760194152522 0.672994189043 -0.859210595505 -0.0769954761449
10.513141426783479 -0.718032604762 0.673434639273 -0.863594727796 -0.0622742368468
10.575719649561952 -0.676039683103 0.667635560526 -0.86690054327 -0.0425663314112
10.638297872340425 -0.634599169253 0.655824699488 -0.868823144399 -0.0181130541476
10.700876095118899 -0.594077947872 0.638313586349 -0.869075028117 0.0107717119695
10.763454317897372 -0.554820935567 0.615492144882 -0.867390460775 0.0437067685312
10.826032540675845 -0.517146335165 0.587822104789 -0.863529532712 0.0802499106333
10.888610763454318 -0.481341420199 0.555829503796 -0.857281717024 0.119904996352
10.951188986232792 -0.447658755281 0.520096267292 -0.848469015817 0.162129796439
11.013767209011265 -0.416312964774 0.481250974511 -0.836948596365 0.206344516595
11.076345431789736 -0.387478136022 0.439959044238 -0.822614845988 0.25194077682
11.13892365456821 -0.361285844309 0.396912626028 -0.805400864383 0.298290794408
11.201501877346683 -0.337823864877 0.352820414044 -0.785279340524 0.344756571169
11.264080100125156 -0.317135179047 0.30839559074 -0.76226311664 0.390700717433
11.32665832290363 -0.299218420093 0.264346694432 -0.736404544563 0.435494538073
11.389236545682103 -0.284028285794 0.221366337493 -0.707794813245 0.478528034506
11.451814768460576 -0.271476886423 0.180121234696 -0.676562474744 0.519218652265
11.514392991239049 -0.261435671401 0.141242502316 -0.642871459453 0.557019732862
11.576971214017522 -0.253737913275 0.105316494058 -0.606918606579 0.591428435033
11.639549436795996 -0.248181893611 0.0728766763804 -0.568930592974 0.621992664239
11.702127659574469 -0.244534316186 0.0443960403443 -0.529160672123 0.648317502916
11.764705882352942 -0.242534353929 0.0202806581667 -0.487884875099 0.670070561594
11.827284105131413 -0.241898001189 0.000864250243287 -0.445397963677 0.686986401335
11.889862327909887 -0.242322755959 -0.0135960719956 -0.402009117715 0.698869877924
11.95244055068836 -0.243492502873 -0.0229229509843 -0.358037470719 0.705598476581
12.015018773466833 -0.245082577592 -0.0270206624976 -0.313807514727 0.707123502591
12.077596996245306 -0.246764898795 -0.0258757813638 -0.269644474954 0.703470184583
12.14017521902378 -0.248213107855 -0.0195565957329 -0.225869708736 0.69473666251
12.202753441802253 -0.249107633396 -0.00821134105471 -0.182796201023 0.681091931486
12.265331664580726 -0.249140610941 0.00793475983821 -0.140724219211 0.662772735933
12.3279098873592 -0.248020570731 0.0285837074764 -0.0999372064477 0.640079371477
12.390488110137673 -0.245476837277 0.0533696500388 -0.0606979505213 0.613370878429
12.453066332916146 -0.241263596309 0.0818651594296 -0.0232450839247 0.583059062557
12.515644555694617 -0.235163528973 0.113588114737 0.0122100138793 0.549602015551
12.57822277847309 -0.226990997541 0.14800944896 0.045485891499 0.513496908736
12.640801001251564 -0.216594725718 0.184561498282 0.076433233517 0.475272297595
12.703379224030037 -0.203859936079 0.222646842037 0.104936570491 0.435480040214
12.76595744680851 -0.188709932712 0.261647556565 0.130915482264 0.394686899177
12.828535669586984 -0.171107080959 0.300934619282 0.154325258052 0.353466066236
12.891113892365457 -0.151053209052 0.339877452796 0.175157035711 0.312388616494
12.95369211514393 -0.12858940741 0.3778533941 0.193437403794 0.272015085809
13.016270337922403 -0.103795240238 0.414256942225 0.209227483093 0.232887300609
13.078848560700877 -0.0767873935851 0.448508683388 0.222621511721 0.195520547783
13.14142678347935 -0.0477177738739 0.480063760373 0.233744949545 0.160396201986
13.204005006257823 -0.0167710930157 0.508419743057 0.242752137751 0.127954934414
13.266583229036295 0.0158380114178 0.533123782239 0.249823559783 0.0985906034282
13.329161451814768 0.0498682814444 0.553778978324 0.255162740662 0.0726448842831
13.391739674593241 0.0850555156437 0.570049856762 0.258992835341 0.0504027291882
13.454317897371714 0.121116565493 0.581666898419 0.261552954182 0.0320886989265
13.516896120150188 0.157753571486 0.588430010575 0.263094299512 0.0178642603796
13.57947434292866 0.194658392715 0.590210969755 0.263876153898 0.00782601779452
13.642052565707134 0.231517149612 0.586954748286 0.264161794092 0.00200494874245
13.704630788485607 0.268014818526 0.578679756369 0.264214384717 0.000366610695886
13.76720901126408 0.303839806889 0.565476979698 0.264292915842 0.00281232932958
13.829787234042554 0.338688439444 0.547508048502 0.264648245767 0.00918133005965
13.892365456821027 0.372269291762 0.52500226809 0.265519305262 0.0192537800703
13.954943679599499 0.404307291969 0.498252697082 0.267129531851 0.0327546566943
14.017521902377972 0.434547601988 0.467611247742 0.269683524735 0.0493584658307
14.080100125156445 0.462759085898 0.43348302666 0.273364086848 0.0686945982939
14.142678347934918 0.488737460865 0.39631989148 0.278329569474 0.0903533543973
14.205256570713392 0.512308001321 0.356613373749 0.284711631276 0.113892491169
14.267834793491865 0.533327781759 0.314887095976 0.292613421678 0.138844176731
14.330413016270338 0.551687452752 0.271688599157 0.302108195532 0.164722425731
14.392991239048811 0.567312370972 0.227581894694 0.313238486858 0.191029830154
14.455569461827285 0.580163649819 0.183137394701 0.326015417865 0.217266614705
14.518147684605758 0.590237974443 0.138924862241 0.340419037235 0.242936890387
14.580725907384231 0.597567456615 0.0955044322636 0.356398670219 0.267556627681
14.643304130162702 0.602218754482 0.053418529164 0.373873903204 0.290660763075
14.705882352941176 0.604291704434 0.0131840387392 0.392735997732 0.311810033297
14.768460575719649 0.603917527191 -0.0247151609615 0.412849675875 0.330597450084
14.831038798498122 0.601256444434 -0.0598348863213 0.434055412787 0.346654022972
14.893617021276595 0.596495115203 -0.091776938535 0.45617188037 0.359654112315
14.956195244055069 0.589843520263 -0.120194494379 0.47899886172 0.369319929545
15.018773466833542 0.581531619831 -0.144796742475 0.502320349265 0.375425344386
15.081351689612015 0.571805716756 -0.165352621107 0.52590788369 0.377798864487
15.143929912390488 0.560924625924 -0.181693631362 0.549524042913 0.376325773583
15.206508135168962 0.54915570844 -0.19371578064 0.572926030207 0.370949482688
15.269086357947435 0.536770781403 -0.201380398637 0.595869345309 0.361671865735
15.331664580725908 0.524042038692 -0.204714072791 0.618111423696 0.348552812253
15.39424280350438 0.511237992256 -0.203807574397 0.639415232273 0.331708883361
15.456821026282853 0.498619516376 -0.198813873401 0.659552750219 0.311311166036
15.519399249061326 0.486436041284 -0.189945224713 0.678308293074 0.287582314785
15.5819774718398 0.474921992522 -0.177469295912 0.69548159313 0.260792762941
15.644555694618273 0.464293321728 -0.161705043352 0.710890791774 0.231256718564
15.707133917396746 0.454744625124 -0.143017038246 0.72437486752 0.199326835598
15.76971214017522 0.446446432311 -0.121808976306 0.735795891348 0.165388174142
15.832290362953692 0.43954290822 -0.098518608897 0.745040947999 0.129853465287
15.894868585732166 0.434149969139 -0.0736100335176 0.752023620962 0.0931560638158
15.957446808510639 0.430353833097 -0.0475662319216 0.756685095093 0.0557431623308
16.020025031289112 0.428210103116 -0.0208823725229 0.758994801611 0.0180697360922
16.082603254067585 0.42774320928 0.00594231493422 0.758950706506 -0.0194087495288
16.14518147684606 0.428946406643 0.0324118613471 0.756579121615 -0.056242863876
16.207759699624532 0.431782216945 0.0580409053426 0.751934117973 -0.0919957163172
16.270337922403005 0.436183301241 0.0823620595133 0.745096553107 -0.12624943794
16.33291614518148 0.442053820327 0.104932622956 0.736172678034 -0.15861103513
16.39549436795995 0.449271168761 0.125341089707 0.725292414967 -0.188718026114
16.45807259073842 0.45768812395 0.143213014347 0.712607279473 -0.216243465881
16.520650813516895 0.46713532889 0.158216326075 0.698288017631 -0.240900448451
16.583229036295368 0.477424093893 0.170065932832 0.682521975199 -0.26244594676
16.64580725907384 0.488349471168 0.178527594226 0.665510240569 -0.280683975604
16.708385481852314 0.499693514625 0.183421039534 0.647464640468 -0.295468064737
16.770963704630788 0.511228748521 0.184622183817 0.628604570881 -0.306702909021
16.83354192740926 0.522721731408 0.182064513523 0.609153762976 -0.314345269846
16.896120150187734 0.533936676882 0.175739613303 0.589337019168 -0.3184041063
16.958698372966207 0.544639082491 0.165696811356 0.569376963376 -0.318939920399
17.02127659574468 0.554599298897 0.152041894949 0.549490867363 -0.316063279724
17.083854818523154 0.563596046426 0.134935420985 0.529887533986 -0.309932984283
17.146433041301627 0.571419691066 0.114589405871 0.51076443505 -0.300752812347
17.2090112640801 0.577875440899 0.0912636346537 0.492304929581 -0.288767934615
17.271589486858574 0.582786084114 0.0652622021474 0.474675886347 -0.274261578027
17.334167709637047 0.585994726591 0.0369278433992 0.458025360626 -0.257549720474
17.39674593241552 0.587367001048 0.00663679597437 0.44248073049 -0.238976308765
17.459324155193993 0.586792956134 -0.0252069702877 0.428147134675 -0.218907943153
17.521902377972467 0.584188650259 -0.0581782104834 0.415106191188 -0.197727977609
17.58448060075094 0.579497235254 -0.0918367274598 0.403415168728 -0.175830787552
17.647058823529413 0.572689705311 -0.125734104695 0.393106467385 -0.153615703639
17.709637046307886 0.563765205422 -0.159420445391 0.384187493298 -0.131480981215
17.77221526908636 0.55275089726 -0.192451014916 0.376640926599 -0.10981789722
17.834793491864833 0.539701445054 -0.224392831519 0.370425327832 -0.0890049286484
17.897371714643302 0.524698075455 -0.254830992103 0.365476118746 -0.0694022067909
17.959949937421776 0.507847249857 -0.283374652959 0.361706901123 -0.0513463149398
18.02252816020025 0.489278996909 -0.309662600585 0.359011069388 -0.0351454828752
18.085106382978722 0.469144882562 -0.333368395748 0.35726373683 -0.021075195238
18.147684605757195 0.447615690003 -0.354204871202 0.356323905392 -0.00937440255845
18.21026282853567 0.424878850477 -0.371928044144 0.356036843873 -0.000242276690235
18.272841051314142 0.401135604236 -0.386340398279 0.356236691999 0.0061644472129
18.335419274092615 0.376598060163 -0.397293308598 0.35674913413 0.00973335594362
18.39799749687109 0.351486031011 -0.404688902522 0.357394259822 0.0103977206599
18.46057571964956 0.326023843458 -0.408481006218 0.357989424549 0.00813704243034
18.523153942428035 0.300437088232 -0.40867537409 0.358352146534 0.00297695397106
18.585732165206508 0.274949381978 -0.405329142054 0.358302974125 -0.00501156858995
18.64831038798498 0.2497791914 -0.39854950225 0.35766827853 -0.0157136812693
18.710888610763455 0.225136760425 -0.388491669977 0.3562829372 -0.0289727682483
18.773466833541928 0.201221186842 -0.375356136617 0.353992866201 -0.0445931595457
18.8360450563204 0.178217691799 -0.35938528395 0.350657364636 -0.0623433991292
18.898623279098874 0.156295125298 -0.340859404652 0.346151233675 -0.0819600195326
18.961201501877348 0.13560372904 -0.320092192676 0.340366652649 -0.103151764244
19.02377972465582 0.116273183087 -0.297425808528 0.333214791147 -0.125604161899
19.086357947434294 0.0984110102337 -0.273225501094 0.324627090636 -0.148984461619
19.148936170212767 0.0821013022748 -0.247873986531 0.314556252494 -0.172946754377
19.21151439299124 0.0674038067078 -0.221765608492 0.302976898667 -0.197137255109
19.274092615769714 0.0543533849317 -0.19530037703 0.289885897408 -0.221199657884
19.336670838548184 0.0429598449706 -0.168877977838 0.27530235368 -0.244780482206
19.399249061326657 0.033208147331 -0.142891840579 0.259267267641 -0.267534331569
19.46182728410513 0.0250589777088 -0.117723354266 0.241842868998 -0.289128986522
19.524405506883603 0.0184496814629 -0.0937363220462 0.223111634047 -0.309250250474
19.586983729662077 0.0132955238001 -0.0712717209381 0.203175019245 -0.327606493279
19.64956195244055 0.00949123640543 -0.050642827826 0.18215194792 -0.343932841694
19.712140175219023 0.00691304595012 -0.0321308945838 0.160176880023 -0.357994835467
19.774718397997496 0.00542054961303 -0.015981223606 0.137398028501 -0.369591741254
19.83729662077597 0.00485928375589 -0.00239986363351 0.113974971741 -0.378559248896
19.899874843554443 0.00506316233175 0.00844905816091 0.090076398203 -0.38477161335
19.962453066332916 0.00585720036632 0.0164453871426 0.0658776116779 -0.388143220374
20.02503128911139 0.00706030992317 0.0215143006205 0.0415579889963 -0.388629529523
20.087609511889863 0.00848815405683 0.0236269812739 0.0172984030249 -0.386227400784
20.150187734668336 0.00995603758486 0.0228006054883 -0.00672137013864 -0.380974807638
20.21276595744681 0.0112817595861 0.0190976355052 -0.0303251923617 -0.372949933719
20.275344180225282 0.0122884128541 0.0126244529678 -0.0533430407774 -0.362269687938
20.337922403003756 0.0128070695542 0.00352934150503 -0.07561336706 -0.349087650575
20.40050062578223 0.0126793261882 -0.00800013141831 -0.0969853158587 -0.333591497605
20.463078848560702 0.0117596636025 -0.0217402978987 -0.117320763686 -0.315999939017
20.525657071339175 0.00991759443707 -0.0374350819071 -0.136496154961 -0.296559223888
20.58823529411765 0.00703956302657 -0.0548001418585 -0.15440410537 -0.275539267728
20.65081351689612 0.00303057460822 -0.0735273972947 -0.170954753467 -0.253229463194
20.713391739674595 -0.0021844691985 -0.0932898691754 -0.186076841652 -0.229934239098
20.775969962453065 -0.00865974562991 -0.113746758632 -0.199718513188 -0.205968436254
20.838548185231538 -0.0164278092358 -0.134548686418 -0.211847815976 -0.18165257057
20.90112640801001 -0.0254992212284 -0.155343013591 -0.222452908193 -0.157308054882
20.963704630788484 -0.035862512023 -0.175779163421 -0.231541965687 -0.133252450997
21.026282853566958 -0.0474844758446 -0.19551386494 -0.239142794099 -0.109794822708
21.08886107634543 -0.0603107869339 -0.21421624123 -0.245302156958 -0.0872312572855
21.151439299123904 -0.0742669314394 -0.231572666207 -0.2500848269 -0.0658406227963
21.214017521902377 -0.0892594249755 -0.247291326961 -0.253572388407 -0.0458806144565
21.27659574468085 -0.105177314984 -0.261106414577 -0.255861794721 -0.0275841586113
21.339173967459324 -0.12189392926 -0.27278189176 -0.257063714751 -0.0111562167095
21.401752190237797 -0.139268843133 -0.282114785762 -0.257300695832 0.0032289674391
21.46433041301627 -0.157150037502 -0.288937959989 -0.256705168354 0.015430138206
21.526908635794744 -0.175376216467 -0.293122317158 -0.255417321323 0.0253407774558
21.589486858573217 -0.1937792424 -0.294578419686 -0.253582886946 0.0328903238398
21.65206508135169 -0.21218664678 -0.293257527102 -0.251350871495 0.0380448657727
21.714643304130163 -0.230424196114 -0.28915199417 -0.248871252289 0.0408072599183
21.777221526908637 -0.248318460633 -0.282295057995 -0.246292686908 0.0412167052379
21.83979974968711 -0.265699350309 -0.272760020189 -0.243760266177 0.039347781361
21.902377972465583 -0.282402580927 -0.260658842471 -0.241413343781 0.0353089711259
21.964956195244056 -0.298272033326 -0.246140176253 -0.239383475002 0.0292406890597
22.02753441802253 -0.313161975972 -0.229386863198 -0.237792490339 0.0213128515281
22.090112640801003 -0.326939113581 -0.210612947023 -0.236750736355 0.0117220279224
22.152690863579473 -0.339484427548 -0.190060261541 -0.236355512786 0.000688233947517
22.215269086357946 -0.350694799896 -0.167994643281 -0.236689712135 -0.0115485891351
22.27784730913642 -0.360484413949 -0.144701721064 -0.23782066895 -0.0247324509984
22.340425531914892 -0.368785816834 -0.120482620082 -0.239799313337 -0.0385952334018
22.403003754693366 -0.375550766615 -0.0956493431089 -0.242659524626 -0.0528608785277
22.46558197747184 -0.380750768928 -0.0705200713338 -0.246417764368 -0.0672496198876
22.528160200250312 -0.384377305544 -0.0454144158253 -0.251072985755 -0.0814822283349
22.590738423028785 -0.386441916186 -0.020648610778 -0.256606677916 -0.0952842957097
22.65331664580726 -0.386975335115 0.00346885952846 -0.262983731961 -0.108390046061
22.715894868585732 -0.386027541653 0.0266420299644 -0.270152522563 -0.120546581075
22.778473091364205 -0.383666461019 0.0485915831194 -0.278046159445 -0.131517432319
22.84105131414268 -0.379976908774 0.0690588644971 -0.286583527859 -0.141086033639
22.90362953692115 -0.375059114037 0.0878094648322 -0.295670691061 -0.149058769349
22.966207759699625 -0.369027125777 0.104636453268 -0.305202390537 -0.155267700245
23.028785982478098 -0.362007010853 0.119363191018 -0.315063721513 -0.159572896628
23.09136420525657 -0.354134874529 0.131845643064 -0.325131954356 -0.161864307817
23.153942428035045 -0.345554770753 0.141974176972 -0.335278441854 -0.162063164712
23.216520650813518 -0.336416563433 0.149674831747 -0.345370557193 -0.160122905958
23.27909887359199 -0.326873479466 0.154910195686 -0.355273897136 -0.156029726772
23.341677096370464 -0.317080028802 0.157679393275 -0.364854135978 -0.149802369516
23.404255319148938 -0.307189618391 0.158017863065 -0.373979147071 -0.141491699017
23.46683354192741 -0.297352328203 0.155996422826 -0.382520962059 -0.131179658723
23.529411764705884 -0.287712722446 0.151719884534 -0.390357687381 -0.118977829379
23.591989987484354 -0.278407793087 0.145325114253 -0.397375288697 -0.105025505922
23.654568210262827 -0.26956504043 0.136978722348 -0.403469243617 -0.0894874581777
23.7171464330413 -0.261300674436 0.126874263864 -0.40854607416 -0.0725512667744
23.779724655819773 -0.253718028023 0.115229062205 -0.412524680346 -0.0544243436422
23.842302878598247 -0.246906214961 0.102280852471 -0.415337450804 -0.0353308150637
23.90488110137672 -0.240938845567 0.0882837416909 -0.416931303917 -0.0155078017259
23.967459324155193 -0.235873271871 0.0735044928901 -0.417268264701 0.00479796264834
24.030037546933666 -0.231749867256 0.0582183715549 -0.41632599917 0.0253338992679
24.09261576971214 -0.228591617381 0.0427048948892 -0.414098067984 0.0458454094152
24.155193992490613 -0.226403989981 0.0272436221381 -0.410593931836 0.0660796366725
24.217772215269086 -0.225175069443 0.0121099671936 -0.405838720483 0.0857891843533
24.28035043804756 -0.224875937673 -0.00242889737159 -0.399872783751 0.104735728271
24.342928660826033 -0.22546132497 -0.0161179568586 -0.39275100546 0.122693444272
24.405506883604506 -0.226870481694 -0.0287180850991 -0.384541924404 0.139452249385
24.46808510638298 -0.229028272354 -0.040009447673 -0.375326664563 0.154820730381
24.530663329161452 -0.231846497772 -0.0497946669622 -0.365197666991 0.168628838736
24.593241551939926 -0.235225390037 -0.0579015644612 -0.354257277666 0.180730192785
24.6558197747184 -0.239055206779 -0.0641854497401 -0.342616257875 0.191003966735
24.718397997496872 -0.243218150407 -0.0685312526393 -0.330392006916 0.199356609499
24.780976220275345 -0.24759012814 -0.070854738643 -0.31770695106 0.205722761854
24.84355444305382 -0.25204279117 -0.0711036423489 -0.304686683749 0.210066074428
24.906132665832292 -0.256445497567 -0.0692581323636 -0.291458191032 0.212379437338
24.968710888610765 -0.260667440032 -0.0653308626454 -0.278147939134 0.212684825989
25.031289111389235 -0.264579567311 -0.0593664580218 -0.264880161149 0.211032662266
25.093867334167708 -0.268056607953 -0.0514406144864 -0.25177506109 0.207500822995
25.15644555694618 -0.270978964263 -0.0416586922996 -0.23894714669 0.202193208819
25.219023779724655 -0.273234513661 -0.0301538919741 -0.22650365518 0.195237950239
25.281602002503128 -0.274720290945 -0.0170850118619 -0.214543095795 0.186785252147
25.3441802252816 -0.275343963875 -0.00263395240464 -0.203153983618 0.177005032107
25.406758448060074 -0.275025302968 0.0129973647077 -0.192413592099 0.166084037994
25.469336670838548 -0.273697197246 0.029590008982 -0.18238711118 0.154223069175
25.53191489361702 -0.271306707417 0.0469115355012 -0.173126782681 0.141633764847
25.594493116395494 -0.267815761624 0.0647195328086 -0.164671357208 0.128535378246
25.657071339173967 -0.263201675945 0.0827653261074 -0.15704571139 0.1151514289
25.71964956195244 -0.257457426509 0.100797731977 -0.150260688555 0.101706332249
25.782227784730914 -0.250591683615 0.118566838354 -0.144313152808 0.0884220290244
25.844806007509387 -0.242628621326 0.135827673263 -0.139186241317 0.0755147347219
25.90738423028786 -0.233607500763 0.152343789473 -0.134849816866 0.0631917851048
25.969962453066334 -0.223582018927 0.167890772532 -0.131261128056 0.0516485718453
26.032540675844807 -0.212619450542 0.182259461934 -0.128365647762 0.0410657530074
26.09511889862328 -0.200799617069 0.195258870591 -0.126098058898 0.031606748375
26.157697121401753 -0.188213669199 0.206718890519 -0.124383401596 0.0234154425637
26.220275344180227 -0.17496260888 0.216492899533 -0.123138450292 0.0166140005181
26.2828535669587 -0.161155909233 0.224459200475 -0.122272976696 0.0113017138113
26.345431789737173 -0.146909795222 0.230523070827 -0.121691328764 0.00755333468744
26.408010012515646 -0.1323455562 0.234617737691 -0.121293956442 0.00541836431203
26.470588235294116 -0.11758776214 0.236705179703 -0.120979018802 0.00492050400705
26.53316645807259 -0.10276245388 0.236776432151 -0.120644002453 0.00605755129385
26.595744680851062 -0.087995326012 0.234851475815 -0.120187336425 0.00880166724787
26.658322903629536 -0.0734099296438 0.230978663012 -0.119509978041 0.0131000540503
26.72090112640801 -0.0591259270459 0.22523378099 -0.118516943615 0.0188759505673
26.783479349186482 -0.0452574138818 0.217718675833 -0.117118768082 0.0260300128722
26.846057571964955 -0.0319113417887 0.208559513753 -0.115232866134 0.0344420082172
26.90863579474343 -0.0191860595438 0.19790469439 -0.112784778933 0.0439728076984
26.971214017521902 -0.00716999548729 0.185922455215 -0.109709287094 0.054466640684
27.033792240300375 0.00405950182477 0.172798200992 -0.105951375589 0.0657535791783
27.09637046307885 0.0144371481426 0.158731602915 -0.101467036856 0.0776522108254
27.15894868585732 0.0239105201133 0.143933514213 -0.0962239015216 0.0899724576634
27.221526908635795 0.0324406560857 0.12862273953 -0.0902016906566 0.102518506669
27.284105131414268 0.0400024493249 0.113022726262 -0.0833924806707 0.11509179027
27.34668335419274 0.0465848336528 0.0973582083568 -0.0758007816222 0.127493989672
27.409261576971215 0.052190759504 0.0818518682546 -0.0674434287575 0.139530002302
27.471839799749688 0.0568369622997 0.0667210607278 -0.0583492900568 0.151010834624
27.53441802252816 0.0605535294786 0.0521746369652 -0.0485587963985 0.161756386735
27.596996245306634 0.0633832724007 0.0384099284706 -0.0381233013638 0.171598076311
27.659574468085108 0.0653809170578 0.0256099396397 -0.0271042843412 0.180381259687
27.72215269086358 0.0666121258275 0.0139407669279 -0.0155724083109 0.187967435274
27.784730913642054 0.0671523648205 0.00354929617788 -0.00360644658692 0.194236184763
27.847309136420527 0.0670856369786 -0.00543878998312 0.00870790267727 0.199086825586
27.909887359198997 0.0665031045746 -0.0129206674163 0.0212792924044 0.202439752595
27.97246558197747 0.065501613918 -0.0188176790458 0.0340120812513 0.204237461815
28.035043804755944 0.0641821512676 -0.0230762661241 0.0468077403278 0.204445231734
28.097622027534417 0.0626482529175 -0.0256685164696 0.0595662913045 0.203051459203
28.16020025031289 0.061004396856 -0.0265923257425 0.0721877513124 0.200067649016
28.222778473091363 0.0593543888943 -0.0258711760073 0.084573573211 0.195528062168
28.285356695869837 0.0577997775195 -0.023553530514 0.0966280505721 0.189489025051
28.34793491864831 0.0564383238723 -0.0197118641606 0.108259664253 0.182027919415
28.410513141426783 0.0553625358539 -0.0144413458815 0.119382362908 0.173241868397
28.473091364205256 0.0546582964841 -0.00785819108087 0.129916750955 0.163246137584
28.53566958698373 0.054403607439 -9.77166253141e-05 0.139791166083 0.152172282039
28.598247809762203 0.0546674633566 0.00868786690369 0.148942633209 0.140166071648
28.660826032540676 0.0555088669686 0.0183319039319 0.157317686449 0.127385215123
28.72340425531915 0.0569760103612 0.0286559208823 0.164873037989 0.113996940878
28.785982478097623 0.0591056186077 0.0394724239281 0.17157609743 0.100175441105
28.848560700876096 0.0619224763495 0.0505877945788 0.177405324989 0.086099245941
28.91113892365457 0.0654391380517 0.061805253437 0.182350418628 0.0719485541903
28.973717146433042 0.0696558227184 0.0729278439267 0.18641233561 0.0579025636232
29.036295369211516 0.0745605031696 0.0837613887056 0.189603140602 0.0441368438911
29.09887359198999 0.0801291489969 0.094117388686 0.191945717639 0.0308207750093
29.161451814768462 0.0863261923592 0.103815801096 0.193473285618 0.0181151145183
29.224030037546935 0.0931051315478 0.112687669053 0.19422879413 0.00616970984052
29.286608260325405 0.100409302832 0.120577563979 0.194264173262 -0.00487860686413
29.34918648310388 0.108172797982 0.127345804292 0.193639458479 -0.0149079108913
29.41176470588235 0.116321510892 0.132870422066 0.192421806115 -0.0238128406017
29.474342928660825 0.124774300646 0.13704884918 0.19068441149 -0.0315059922507
29.536921151439298 0.133444258537 0.139799268248 0.18850534213 -0.0379190065086
29.59949937421777 0.142240028765 0.141061700718 0.18596632934 -0.0430034158487
29.662077596996244 0.151067206085 0.140798716179 0.183151500088 -0.0467311473454
29.724655819774718 0.159829758736 0.138995813942 0.180146094198 -0.0490947312218
29.78723404255319 0.168431467007 0.13566145664 0.177035175948 -0.0501071980002
29.849812265331664 0.176777349535 0.130826742352 0.173902365362 -0.0498016548595
29.912390488110137 0.184775062748 0.124544784084 0.170828600566 -0.0482306038836
29.97496871088861 0.192336263689 0.116889898306 0.167890937486 -0.0454650936666
30.037546933667084 0.199377875201 0.107955948301 0.165161457221 -0.0415931273387
30.100125156445557 0.205823286896 0.0978550653696 0.162706221699 -0.0367184131305
30.16270337922403 0.21160339897 0.0867159339844 0.160584380323 -0.0309587413163
30.225281602002504 0.216657652883 0.0746814806891 0.158847302733 -0.0244438313377
30.287859824780977 0.220934818074 0.0619068124174 0.15753792359 -0.0173134239291
30.35043804755945 0.2243936806 0.0485568149035 0.156690183202 -0.00971507969737
30.413016270337923 0.227003597072 0.034803545676 0.156328593496 -0.00180180736824
30.475594493116397 0.228744840898 0.0208237109955 0.156467987514 0.006270213763
30.53817271589487 0.229608818757 0.00679598378685 0.157113388712 0.0143440408482
30.600750938673343 0.229598116402 -0.00710166823856 0.15826003248 0.0222643494601
30.663329161451816 0.228726360902 -0.020694573098 0.159893549669 0.0298797259341
30.725907384230286 0.227017941566 -0.0338139248867 0.161990275865 0.0370449285401
30.78848560700876 0.224507564945 -0.0462992262987 0.164517705758 0.0436230193028
30.851063829787233 0.221239658791 -0.0580005724491 0.16743507856 0.0494873403779
30.913642052565706 0.217267646469 -0.0687807730348 0.170694075171 0.054523334365
30.97622027534418 0.212653089163 -0.0785172625062 0.174239628255 0.0586301634892
31.038798498122652 0.20746471023 -0.0871037838681 0.178010832031 0.0617221161965
31.101376720901126 0.201777338783 -0.0944517937524 0.181941917345 0.0637297580188
31.1639549436796 0.1956707621 -0.100491587149 0.185963301301 0.0646008242964
31.226533166458072 0.189228513285 -0.105173191668 0.190002689029 0.0643009016477
31.289111389236545 0.182536623465 -0.108466879529 0.193986197713 0.0628137657643
31.35168961201502 0.1756823413 -0.110363429512 0.197839503623 0.0601414935348
31.414267834793492 0.168752852429 -0.110874062231 0.201488981131 0.0563042843237
31.476846057571965 0.161834008249 -0.110030072849 0.204862825869 0.0513400127629
31.53942428035044 0.15500909125 -0.107882167619 0.207892137905 0.0453035212916
31.60200250312891 0.148357627267 -0.10449951501 0.210511955879 0.0382656630116
31.664580725907385 0.141954266807 -0.09996854774 0.212662223238 0.0303121292721
31.727158948685858 0.135867748563 -0.0943914985508 0.214288674398 0.021542047929
31.78973717146433 0.130159963344 -0.0878847195761 0.215343625776 0.0120663983944
31.852315394242805 0.124885126261 -0.0805768214874 0.215786665569 0.00200627642293
31.914893617021278 0.120089074585 -0.0726066306107 0.215585226679 -0.00850899133392
31.97747183979975 0.115808694201 -0.0641210104115 0.214715041295 -0.0193438414137
32.040050062578224 0.112071487673 -0.0552726063773 0.213160466973 -0.0303585224858
32.102628285356694 0.108895285295 -0.0462175005495 0.210914682623 -0.0414112112593
32.16520650813517 0.10628810359 -0.0371128433716 0.207979752108 -0.0523601346858
32.22778473091364 0.104248153828 -0.0281145097909 0.204366554289 -0.0630656564154
32.29036295369212 0.102763993015 -0.0193747684459 0.200094586011 -0.0733923381615
32.35294117647059 0.101814821841 -0.0110400365045 0.195191635787 -0.083210910933
32.415519399249064 0.101370916602 -0.00324875821553 0.189693340744 -0.0924001234617
32.47809762202753 0.101394191572 0.00387060269578 0.183642629727 -0.100848476943
32.54067584480601 0.101838886016 0.0102014004493 0.177089059157 -0.108455796468
32.60325406758448 0.102652348442 0.0156404251127 0.17008806734 -0.115134597786
32.66583229036296 0.103775928532 0.0200993232629 0.162700137374 -0.120811268257
32.72841051314143 0.105145943092 0.0235058080552 0.15498989904 -0.125427053267
32.7909887359199 0.106694712389 0.0258045752517 0.147025175019 -0.128938774139
32.85356695869837 0.108351646942 0.0269579837228 0.138875987798 -0.131319331508
32.91614518147684 0.110044364645 0.0269464669644 0.130613546084 -0.132557966284
32.97872340425532 0.11169982938 0.0257686568516 0.122309219094 -0.132660262273
33.04130162703379 0.113245485288 0.0234412438295 0.114033521233 -0.131647914466
33.103879849812266 0.114610376507 0.0199985678421 0.105855116409 -0.129558258865
33.166458072590736 0.115726230818 0.0154919508015 0.0978398609918 -0.126443575492
33.22903629536921 0.116528496436 0.00998878138495 0.0900498947905 -0.122370175197
33.29161451814768 0.116957311712 0.00357136112628 0.0825427979046 -0.117417280159
33.35419274092616 0.116958397171 -0.00366444623229 0.0753708218929 -0.111675736441
33.41677096370463 0.116483856107 -0.0116107735388 0.0685802078517 -0.105246549721
33.479349186483105 0.115492873593 -0.0201494607014 0.0622105990886 -0.0982392954692
33.541927409261575 0.113952303685 -0.0291539091549 0.0562945573451 -0.0907704113535
33.60450563204005 0.111837133665 -0.038491047883 0.0508571917437 -0.0829614018052
33.66708385481852 0.109130830586 -0.0480233708275 0.0459158947765 -0.074936990037
33.729662077597 0.105825547666 -0.0576110337403 0.0414802051151 -0.0668232302483
33.79224030037547 0.101922210282 -0.0671139553389 0.0375517782248 -0.0587456272684
33.854818523153945 0.0974304604581 -0.0763939141013 0.0341244834594 -0.0508272733387
33.917396745932415 0.0923684792606 -0.0853165910708 0.0311846090473 -0.0431870444034
33.97997496871089 0.0867626799102 -0.0937535421762 0.0287111810043 -0.0359378712766
34.04255319148936 0.0806472787078 -0.10158406126 0.0266763886737 -0.0291851195758
34.10513141426784 0.074063760645 -0.108696916631 0.0250461013913 -0.0230250921445
34.16770963704631 0.0670602292373 -0.114991922787 0.0237804846899 -0.0175436890947
34.230287859824784 0.0596906799451 -0.120381348233 0.0228346808717 -0.0128152209627
34.292866082603254 0.0520141735609 -0.124791109669 0.0221595738507 -0.00890142146155
34.355444305381724 0.0440939545688 -0.128161763313 0.0217025982919 -0.00585064603447
34.4180225281602 0.035996508343 -0.130449265075 0.0214085978394 -0.00369728196234
34.48060075093867 0.0277905805042 -0.131625496314 0.0212207115048 -0.00246137075385
34.54317897371715 0.0195461698385 -0.131678547871 0.0210812778445 -0.00214844824889
34.60575719649562 0.0113335113546 -0.130612760528 0.0209327420596 -0.00274960253228
34.668335419274094 0.00322206501359 -0.12844852335 0.0207185521695 -0.00424174690611
34.73091364205256 -0.00472047666352 -0.125221836106 0.0203840326058 -0.00658810115083
34.79349186483104 -0.0124291455347 -0.120983641934 0.0198772205588 -0.00973887404642
34.85607008760951 -0.0198426062725 -0.115798944332 0.0191496537591 -0.0136321333781
34.91864831038799 -0.026904004049 -0.109745725327 0.0181570991551 -0.0181948472778
34.981226533166456 -0.0335617373049 -0.102913676264 0.0168602101099 -0.0233440853734
35.04380475594493 -0.0397701464339 -0.0954027682705 0.0152251045808 -0.0289883548124
35.1063829787234 -0.045490106641 -0.0873216812441 0.0132238542516 -0.0350290532479
35.16896120150188 -0.0506895263437 -0.0787861251962 0.0108348866631 -0.0413620088159
35.23153942428035 -0.0553437368288 -0.0699170713219 0.00804328800561 -0.0478790902759
35.294117647058826 -0.0594357381972 -0.0608388752162 0.00484097490788 -0.0544698996938
35.356695869837296 -0.0629563811817 -0.0516774609101 0.00122681043042 -0.061023404944
35.41927409261577 -0.0659043931565 -0.042558414997 -0.00279342130402 -0.0674296376371
35.48185231539424 -0.0682863025436 -0.0336051360514 -0.0072071298761 -0.0735813322689
35.54443053817272 -0.0701162455192 -0.0249370359424 -0.0119951371834 -0.0793755081035
35.60700876095119 -0.0714156595195 -0.0166678058748 -0.017131995572 -0.0847149827881
35.669586983729666 -0.0722128749678 -0.0089037879711 -0.0225863942691 -0.0895097824275
35.732165206508135 -0.0725426069424 -0.00174247167338 -0.028321652107 -0.0936784311149
35.794743429286605 -0.0724453589408 0.00472886252827 -0.034296285116 -0.0971491010181
35.85732165206508 -0.0719667456262 0.0104343381221 -0.0404646424911 -0.0998606112752
35.91989987484355 -0.0711567455558 0.0153104975437 -0.0467776006344 -0.101763259982
35.98247809762203 -0.0700688981502 0.0193071198266 -0.0531833021026 -0.102819475238
36.0450563204005 -0.0687594557383 0.022387834836 -0.0596279296224 -0.103004280845
36.107634543178975 -0.0672865000693 0.0245305303142 -0.0660565066867 -0.102305574174
36.170212765957444 -0.0657090448863 0.025727531953 -0.0724137049374 -0.100724200623
36.23279098873592 -0.0640861363904 0.0259855772968 -0.078644648274 -0.0982738442838
36.29536921151439 -0.0624759496076 0.0253255725336 -0.0846957151933 -0.0949807249175
36.35794743429287 -0.0609349211311 0.0237821348829 -0.0905153032454 -0.0908831074212
36.42052565707134 -0.0595169109658 0.0214029453019 -0.0960545627165 -0.0860306451396
36.483103879849814 -0.0582724032516 0.0182479007524 -0.101268090532 -0.0804835483532
36.545682102628284 -0.0572477815828 0.0143881023336 -0.106114553342 -0.074311613628
36.60826032540676 -0.0564846601867 0.00990467960766 -0.110557256549 -0.0675931125615
36.67083854818523 -0.0560192902582 0.00488747089259 -0.114564642513 -0.0604135593438
36.73341677096371 -0.0558820742728 -0.000566388511024 -0.11811068986 -0.0528644064984
36.79599499374218 -0.0560971430109 -0.00635401010102 -0.1211752534 -0.0450416289784
36.858573216520654 -0.0566820509109 -0.0123683438588 -0.123744296975 -0.0370442767414
36.92115143929912 -0.0576475656745 -0.0184998250555 -0.125810040608 -0.028972987113
36.9837296620776 -0.0589975636975 -0.0246380424296 -0.127371012422 -0.0209284880822
37.04630788485607 -0.0607290291674 -0.0306734066931 -0.128432007779 -0.0130101110623
37.10888610763455 -0.062832157017 -0.0364987853066 -0.129003956313 -0.00531434347392
37.171464330413016 -0.065290555616 -0.0420110837019 -0.12910370103 0.00206656158908
37.234042553191486 -0.0680815504691 -0.0471127741566 -0.128753688283 0.00904591958323
37.29662077596996 -0.0711765656592 -0.0517132722176 -0.127981591954 0.0155438056036
37.35919899874843 -0.0745416225364 -0.055730322838 -0.126819832392 0.0214882431934
37.42177722152691 -0.0781378786446 -0.0590910743649 -0.125305067092 0.0268161112236
37.48435544430538 -0.0819222539507 -0.0617331286662 -0.123477603746 0.0314740214037
37.546933667083856 -0.0858481136341 -0.0636053859299 -0.121380767716 0.035419007579
37.609511889862326 -0.0898659974077 -0.0646687234841 -0.11906023191 0.0386190628197
37.6720901126408 -0.0939243850164 -0.0648964702177 -0.116563319259 0.0410534910613
37.73466833541927 -0.0979704841522 -0.0642747145279 -0.113938289176 0.0427131083694
37.79724655819775 -0.101951050437 -0.0628024029747 -0.111233600376 0.0436002548025
37.85982478097622 -0.105813142953 -0.0604912561794 -0.108497235874 0.0437286494754
37.922403003754695 -0.10950496114 -0.0573654969686 -0.1057759596 0.0431230708664
37.984981226533165 -0.112976600308 -0.0534613837677 -0.103114650601 0.0418188712346
38.04755944931164 -0.116180786146 -0.0488265745943 -0.100555660114 0.0398613421429
38.11013767209011 -0.119073564305 -0.0435193237688 -0.0981382128268 0.0373049352024
38.17271589486859 -0.121614929063 -0.0376075383729 -0.0958978660301 0.0342123636002
38.23529411764706 -0.123769400758 -0.031167683551 -0.0938660181856 0.0306535738164
38.297872340425535 -0.125506520654 -0.0242835823605 -0.0920694938777 0.026704631139
38.360450563204004 -0.126801267899 -0.0170451300497 -0.0905302004926 0.0224465362591
38.42302878598248 -0.127634412916 -0.00954684393922 -0.089264845579 0.0179639014425
38.48560700876095 -0.127992740615 -0.00188650132871 -0.088284768623 0.0133437172065
38.54818523153943 -0.127869218604 0.00583635397187 -0.0875958250139 0.00867400719207
38.6107634543179 -0.127263060983 0.0135219468462 -0.0871983643129 0.00404245564022
38.67334167709637 -0.126179694372 0.0210716903727 -0.0870872932099 -0.000464852989325
38.735919899874844 -0.124630638023 0.0283896663894 -0.0872522166094 -0.00476474070855
38.798498122653314 -0.122633297597 0.0353839906083 -0.0876776531416 -0.0087781318349
38.86107634543179 -0.120210662028 0.0419681964827 -0.0883433375821 -0.0124312564277
38.92365456821026 -0.117390932486 0.0480624024871 -0.0892245788471 -0.0156566545562
38.98623279098874 -0.114207071841 0.0535944630917 -0.0902926884731 -0.0183941585836
39.04881101376721 -0.110696294502 0.0585009525398 -0.091515458353 -0.0205917210131
39.11138923654568 -0.106899478479 0.0627280497214 -0.092857705456 -0.0222061469817
39.17396745932415 -0.102860558148 0.0662322136963 -0.0942818287865 -0.0232036385652
39.23654568210263 -0.0986258543577 0.0689807518061 -0.0957484195796 -0.023560237571
39.2991239048811 -0.0942433753101 0.0709521998984 -0.0972168930077 -0.0232620983135
39.361702127659576 -0.0897621320174 0.0721365264783 -0.0986461026446 -0.0223056050033
39.424280350438046 -0.0852313956435 0.0725351854959 -0.0999950029586 -0.0206973489153
39.48685857321652 -0.0806999905071 0.0721609800727 -0.101223275401 -0.018453940589
39.54943679599499 -0.0762156004942 0.0710377720646 -0.102291938706 -0.0156016860356
39.61201501877347 -0.071824062222 0.0692000028605 -0.103163966252 -0.0121760936431
39.67459324155194 -0.0675687537342 0.0666920977845 -0.103804815383 -0.00822128643313
39.737171464330416 -0.0634899757029 0.0635676983471 -0.104182959006 -0.00378926034841
39.799749687108886 -0.0596244181861 0.0598888029305 -0.104270338596 0.00106093093662
39.86232790988736 -0.0560046387271 0.0557247219765 -0.104042802283 0.00626415528429
39.92490613266583 -0.0526586639904 0.0511510039028 -0.103480432035 0.0117501958029
39.98748435544431 -0.0496096304964 0.0462482514466 -0.102567833066 0.017444838426
40.05006257822278 -0.0468755049056 0.0411008670559 -0.101294350385 0.0232710151705
40.11264080100125 -0.0444688861039 0.0357957592914 -0.0996542112787 0.0291499744042
40.175219023779725 -0.0423968904161 0.0304210247505 -0.097646592895 0.0350024650741
40.237797246558195 -0.0406611185792 0.0250646236357 -0.0952756165713 0.0407499188867
40.30037546933667 -0.0392577054696 0.0198130694788 -0.0925502685438 0.0463156120829
40.36295369211514 -0.0381774507378 0.0147501525209 -0.0894842491639 0.0516257896149
40.42553191489362 -0.0374060279063 0.00995571543756 -0.0860957532668 0.0566107353152
40.48811013767209 -0.0369242679033 0.00550449915057 -0.0824071857324 0.0612057726342
40.550688360450565 -0.0367085122237 0.00146507527495 -0.0784448169439 0.0653521816661
40.613266583229034 -0.0367310297763 -0.00210111967259 -0.0742383838301 0.0689980195476
40.67584480600751 -0.0369604901298 -0.00514063623888 -0.0698206433038 0.0720988341742
40.73842302878598 -0.0373624883544 -0.00760873166533 -0.0652268828481 0.0746182552019
40.80100125156446 -0.0379001069611 -0.009469961228 -0.0604944011113 0.0765284672993
40.86357947434293 -0.0385345134557 -0.0106986197947 -0.05566196037 0.0778105466489
40.926157697121404 -0.0392255794578 -0.0112790362893 -0.0507692233536 0.0784546644156
40.988735919899874 -0.0399325139068 -0.0112057104614 -0.0458561813803 0.0784601484426
41.05131414267835 -0.0406144994 -0.0104832989073 -0.0409625834274 0.0778354103899
41.11389236545682 -0.0412313237344 -0.00912651797454 -0.0361273715513 0.076597799298
41.1764705882353 -0.041744003866 -0.00715969873448 -0.0313881317093 0.0747731459815
41.23904881101377 -0.0421153733585 -0.00461642788585 -0.0267805751027 0.0723953873873
41.30162703379224 -0.0423106302156 -0.00153897503359 -0.0223380602418 0.0695060044103
41.36420525657071 -0.0422978819448 0.0020224806486 -0.0180911224629 0.0661532812917
41.42678347934919 -0.042048598009 0.00601062543206 -0.0140670863137 0.0623915722193
41.48936170212766 -0.0415380325849 0.0103619428589 -0.0102897083839 0.0582804310524
41.55193992490613 -0.0407455869474 0.0150077342301 -0.00677887633478 0.0538836677471
41.614518147684606 -0.039655091937 0.0198751719386 -0.00355038022705 0.0492683830261
41.677096370463076 -0.0382550369451 0.0248884362168 -0.000615733760121 0.0445039337742
41.73967459324155 -0.0365387204611 0.0299698749175 0.0020179337506 0.0396608852759
41.80225281602002 -0.0345043254657 0.0350411774198 0.00434791780942 0.0348099579207
41.8648310387985 -0.0321549262462 0.0400245530825 0.00637591770496 0.0300209762861
41.92740926157697 -0.0294984185237 0.0448438902219 0.0081079473404 0.0253618427547
41.989987484355446 -0.0265473784113 0.0494258802869 0.00955418323987 0.0208975487961
42.052565707133915 -0.0233188542816 0.053701087429 0.0107287538627 0.0166892411658
42.11514392991239 -0.0198340921184 0.0576049537528 0.0116494709764 0.0127933516173
42.17772215269086 -0.0161182005489 0.0610787242131 0.0123375090227 0.00926080382676
42.24030037546934 -0.012199761438 0.064070274381 0.0128170381455 0.00613631191526
42.30287859824781 -0.00811039253655 0.0665348310258 0.0131148169307 0.00345777891717
42.365456821026285 -0.00388426703202 0.0684355815395 0.0132597492902 0.00125579827274
42.428035043804755 0.000442401114957 0.0697441568571 0.013282413809 -0.00044672881739
42.49061326658323 0.00483189519617 0.0704409818368 0.0132145754041 -0.00163485582326
42.5531914893617 0.00924555494841 0.0705154967199 0.0130886811697 -0.00230173652774
42.61576971214018 0.0136443442337 0.0699662397897 0.0129373519865 -0.0024486462736
42.67834793491865 0.0179894193959 0.0688007933981 0.0127928768242 -0.00208488147796
42.740926157697125 0.0222426889944 0.0670355973199 0.0126867179551 -0.00122754181358
42.803504380475594 0.0263673596918 0.0646956315956 0.0126490316945 9.88025286138e-05
42.866082603254064 0.0303284577161 0.0618139745956 0.0127082139852 0.00186255239872
42.92866082603254 0.0340933185285 0.0584312448838 0.0128904772042 0.00402562173791
42.99123904881101 0.0376320378363 0.0545949366494 0.013219464084 0.00654407077715
43.05381727158949 0.0409178792428 0.0503586572382 0.0137159027497 0.00936882234571
43.11639549436796 0.0439276299262 0.0457812837914 0.0143973101492 0.0124464453366
43.178973717146434 0.0466419029827 0.0409260447987 0.0152777449544 0.0157200000298
43.2415519399249 0.0490453791858 0.0358595477513 0.0163676158927 0.0191299257285
43.30413016270338 0.0511269848324 0.0306507642981 0.0176735482055 0.0226149602409
43.36670838548185 0.0528800129714 0.0253699925091 0.0191983012359 0.0261130744357
43.42928660826033 0.0543021680416 0.0200878026893 0.0209407548294 0.0295624142602
43.4918648310388 0.0553955520658 0.0148739936766 0.0228959476794 0.0329022279401
43.55444305381727 0.0561665840889 0.00979656843987 0.0250551748217 0.0360737697299
43.61702127659574 0.0566258566135 0.00492074519587 0.0274061405301 0.0390211661258
43.67959949937422 0.0567879320424 0.000308019392058 0.029933163542 0.0416922311567
43.74217772215269 0.0566710827787 -0.00398471239334 0.0326174310831 0.0440392212556
43.804755944931166 0.0562969724369 -0.00790594212912 0.0354373033564 0.0460195076522
43.867334167709636 0.0556903035716 -0.0114102686414 0.0383686461739 0.0475961820774
43.92991239048811 0.054878411762 -0.0144590076524 0.0413852088234 0.0487385610259
43.99249061326658 0.0538908300879 -0.0170207000177 0.0444590258588 0.0494225965949
44.05506883604506 0.0527588233272 -0.01907150502 0.0475608430835 0.0496311821346
44.11764705882353 0.0515149027203 -0.020595483232 0.0506605581468 0.0493543577463
44.180225281602006 0.0501923250092 -0.0215847502404 0.0537276719729 0.0485893993199
44.242803504380475 0.0488245870596 -0.0220395153111 0.0567317412653 0.0473408047087
44.305381727158945 0.0474449212403 -0.0219679970386 0.0596428272628 0.0456201704443
44.36795994993742 0.046085800421 -0.0213862189284 0.0624319328969 0.0434459624502
44.43053817271589 0.0447784621778 -0.0203176787367 0.0650714196236 0.0408431761547
44.49311639549437 0.0435524381994 -0.0187930013865 0.0675354191939 0.0378429824713
44.55569461827284 0.0424351481136 -0.0168493019417 0.0698001805806 0.0344821216761
44.618272841051315 0.0414514915068 -0.0145295740057 0.0718444191547 0.0308023197523
44.680851063829785 0.0406235182659 -0.0118820996491 0.0736495963536 0.0268497312738
44.74342928660826 0.0399701121311 -0.00895957997217 0.0752001805611 0.0226741347875
44.80600750938673 0.0395067362263 -0.00581830425084 0.0764838535148 0.0183281683823
44.86858573216521 0.0392452467263 -0.00251732746293 0.07749165597 0.0138665791369
44.93116395494368 0.0391937402459 0.000882484844132 0.0782180998958 0.00934535762126
44.993742177722154 0.0393564699173 0.00431938513084 0.0786612198807 0.00482090251272
45.056320400500624 0.0397338245325 0.00773165591087 0.0788225685223 0.000349205874552
45.1188986232791 0.0403223540252 0.0110585526561 0.0787071695894 -0.00401498467638
45.18147684605757 0.0411148627211 0.0142412056369 0.0783234115644 -0.00821896085004
45.24405506883605 0.042100550366 0.0172234795383 0.0776828994779 -0.0122128064601
45.30663329161452 0.0432652124979 0.019952795413 0.0768002545671 -0.015950111067
45.369211514392994 0.0445914871736 0.0223808868588 0.0756928740772 -0.0193886206763
45.431789737171464 0.0460591408176 0.0244644926518 0.0743806576168 -0.0224908281619
45.49436795994994 0.0476454063713 0.0261659557297 0.0728856890125 -0.0252244753566
45.55694618272841 0.0493253507526 0.0274537393873 0.0712318939658 -0.0275629786513
45.61952440550689 0.0510722692702 0.0283028516108 0.0694446758376 -0.0294857702424
45.68210262828536 0.0528581060444 0.0286951680307 0.0675505306432 -0.0309785466358
45.744680851063826 0.0546538931474 0.0286196339867 0.0655766482461 -0.03203340772
45.8072590738423 0.0564301949445 0.028072368843 0.0635505112815 -0.0326489082874
45.86983729662077 0.0581575537158 0.0270567306082 0.0614994938978 -0.0328300740786
45.93241551939925 0.059806949739 0.025583085594 0.0594504547427 -0.0325881537501
45.99499374217772 0.0613502316624 0.0236686684812 0.057429354317 -0.0319404541579
46.057571964956196 0.0627605255372 0.0213372812748 0.0554608953323 -0.0309100341455
46.120150187734666 0.0640126424485 0.0186188570628 0.0535681676023 -0.0295252780401
46.18272841051314 0.0650834524288 0.0155489675284 0.0517723244534 -0.0278194222175
46.24530663329161 0.0659522043796 0.0121682630821 0.0500923090432 -0.0258300267116
46.30788485607009 0.0666008377152 0.00852181172541 0.0485445905447 -0.0235983574035
46.37046307884856 0.0670142309234 0.00465839369104 0.0471429578054 -0.021168734733
46.433041301627036 0.0671804133214 0.000629748096916 0.0458983470716 -0.0185878431155
46.495619524405505 0.0670907219313 -0.00351022043138 0.0448187197492 -0.015904009844
46.55819774718398 0.0667399136496 -0.00770625325658 0.0439089805679 -0.0131664720364
46.62077596996245 0.0661262262475 -0.0119025870202 0.0431709424066 -0.010424614711
46.68335419274093 0.0652513788146 -0.0160437591951 0.0426033441803 -0.00772725347946
46.7459324155194 0.0641205309444 -0.0200754523326 0.0422019065507 -0.00512188663619
46.808510638297875 0.0627421851162 -0.0239452728288 0.0419594368104 -0.00265401087396
46.871088861076345 0.0611280432754 -0.0276035151561 0.0418659743503 -0.000366454225396
46.93366708385482 0.0592928122476 -0.0310038839132 0.0419089808317 0.00170124864827
46.99624530663329 0.0572539738161 -0.0341041479879 0.0420735602808 0.00351341741398
47.05882352941177 0.0550315101191 -0.0368667030727 0.0423427168785 0.00503870123522
47.12140175219024 0.0526475965013 -0.0392591199076 0.0426976414909 0.00625053819213
47.18397997496871 0.0501262658702 -0.04125457013 0.0431180206724 0.0071275030541
47.246558197747184 0.0474930447357 -0.0428321631441 0.043582368803 0.00765357317264
47.309136420525654 0.0447745744687 -0.0439772157742 0.0440683717883 0.00781833314909
47.37171464330413 0.0419982157334 -0.0446813996996 0.0445532428092 0.00761706910424
47.4342928660826 0.0391916509648 -0.0449428253632 0.04501407826 0.00705080621094
47.49687108886108 0.0363824791302 -0.0447659956074 0.0454282173931 0.00612622951221
47.55944931163955 0.0335978208072 -0.0441616827148 0.0457735908656 0.00485553751623
47.622027534418024 0.0308639306878 -0.0431467064078 0.0460290602226 0.00325620830964
47.68460575719649 0.0282058306138 -0.0417436445063 0.0461747373778 0.00135070764705
47.74718397997497 0.02564696008 -0.0399804256955 0.0461922855938 -0.000833906284165
47.80976220275344 0.0232088532624 -0.0378898768235 0.0460651956406 -0.00326641608363
47.87234042553192 0.020910851638 -0.0355091777183 0.0457790278745 -0.00591195735394
47.934918648310386 0.0187698483912 -0.0328792864812 0.0453216251863 -0.00873255420765
47.99749687108886 0.0168000750671 -0.0300442787341 0.0446832860789 -0.0116877274162
48.06007509386733 0.015012920889 -0.0270506735889 0.0438569082301 -0.0147351113012
48.12265331664581 0.013416809167 -0.023946708573 0.0428380797754 -0.0178311107046
48.18523153942428 0.0120171072259 -0.0207816212094 0.0416251408028 -0.0209315488727
48.247809762202756 0.0108160948157 -0.0176048954923 0.0402191917163 -0.0239923410946
48.310387984981226 0.00981296068696 -0.0144655288145 0.0386240769388 -0.0269701474711
48.3729662077597 0.00900386203418 -0.0114113070532 0.0368463126277 -0.0298230125023
48.43554443053817 0.00838202585624 -0.00848810303328 0.0348949775077 -0.0325109799096
48.49812265331665 0.0079378823254 -0.00573921428627 0.0327815760726 -0.0349966694467
48.56070087609512 0.00765924980507 -0.00320474118083 0.0305198566225 -0.0372458128994
48.62327909887359 0.00753155357642 -0.000921019258499 0.0281256005167 -0.0392277386391
48.685857321652065 0.00753807456236 0.00107988220321 0.0256163862572 -0.0409157943729
48.748435544430535 0.00766023236642 0.00277060139661 0.0230113243943 -0.042287713027
48.81101376720901 0.00787789250799 0.0041288469234 0.0203307727459 -0.0433259066509
48.87359198998748 0.00816969026202 0.00513767925599 0.0175960387971 -0.0440176861987
48.93617021276596 0.00851337463093 0.00578571571358 0.0148290660033 -0.0443554112995
48.99874843554443 0.0088861593371 0.00606724583894 0.0120521160432 -0.0443365595739
49.061326658322905 0.00926507911748 0.00598226378312 0.00928744839546 -0.0439637215389
49.123904881101375 0.00962734548968 0.00553641440576 0.00655700253305 -0.0432445187209
49.18648310387985 0.00995069705785 0.00474085561565 0.00388208708406 -0.0421914476849
49.24906132665832 0.0102137377526 0.00361203973233 0.00128308179586 -0.0408216530797
49.3116395494368 0.010396258625 0.00217141839915 -0.00122084389144 -0.0391566341445
49.37421777221527 0.0104795404571 0.00044507494812 -0.00361199331093 -0.0372218884064
49.436795994993744 0.010446630454 -0.00153670938739 -0.00587438020856 -0.0350464988991
49.499374217772214 0.0102825888736 -0.00373994619396 -0.00799393807827 -0.0326626735005
49.56195244055069 0.00997470496003 -0.00612748299076 -0.00995870073681 -0.0301052404937
49.62453066332916 0.00951267698856 -0.00865958912671 -0.0117589497321 -0.0274111093953
49.68710888610764 0.00888875402903 -0.0112945736093 -0.0133873267111 -0.0246187069401
49.74968710888611 0.00809783855051 -0.013989425829 -0.014838910185 -0.021767396352
49.812265331664584 0.00713754856033 -0.0167004701914 -0.016111255744 -0.0188968880273
49.87484355444305 0.00600823974208 -0.0193840375748 -0.0172044000647 -0.0160466389885
49.93742177722153 0.00471298270832 -0.0219971003864 -0.0181208256501 -0.0132552889693
50.0 0.00325750337282 -0.0244979303909 -0.0188653920061 -0.0105600796797
