0.0 0.5 0.0 -0.5 0.7
0.0625782227784731 0.496124869625 -0.12286792685 -0.452711207833 0.810384735875
0.1251564455569462 0.484764018366 -0.23894454537 -0.398712854638 0.91416974182
0.18773466833541927 0.466397354602 -0.34649365934 -0.338467117606 1.00980040632
0.2503128911138924 0.441609504625 -0.443910162446 -0.272529928054 1.09583988964
0.31289111389236546 0.411080770614 -0.529744373317 -0.201542849715 1.17099091504
0.37546933667083854 0.375576661106 -0.602723700545 -0.126223679502 1.23411516873
0.4380475594493116 0.335936713418 -0.661770955209 -0.0473564152798 1.28424969745
0.5006257822277848 0.293060600234 -0.706022568862 0.0342212116867 1.32062322106
0.5632040050062578 0.247895564426 -0.734838698304 0.117629009438 1.34266517967
0.6257822277847309 0.201421386747 -0.747814792385 0.201957811995 1.35001608974
0.688360450563204 0.154635724275 -0.744786749002 0.286282631256 1.34253215996
0.7509386733416771 0.108538879549 -0.725833650644 0.369676319557 1.32028773857
0.8135168961201502 0.0641186260716 -0.691276435977 0.451223181316 1.28357412117
0.8760951188986232 0.0223351981251 -0.641673181314 0.530032437421 1.2328953225
0.9386733416770964 -0.0158933010971 -0.577810611554 0.605251314828 1.16896047145
1.0012515644555695 -0.0497048561831 -0.500692338095 0.676077567173 1.09267327495
1.0638297872340425 -0.0783066577325 -0.41152379109 0.741771244326 1.00511852142
1.1264080100125156 -0.100987192348 -0.311694164925 0.80166554095 0.907545909296
1.1889862327909888 -0.117127074718 -0.202755512637 0.855176518354 0.801351322324
1.2515644555694618 -0.12620854342 -0.0863995397245 0.901811629481 0.688056044366
1.3141426783479349 -0.127823416531 0.0355677804468 0.94117686438 0.569284023277
1.376720901126408 -0.121679397259 0.161253288092 0.972982417865 0.446737615021
1.4392991239048811 -0.107604663848 0.288705015304 0.997046820443 0.322172166232
1.5018773466833542 -0.0855505997651 0.415941483213 1.01329940356 0.197369773709
1.5644555694618272 -0.0555927481918 0.540981382871 1.02178117444 0.0741127000617
1.6270337922403004 -0.0179298587179 0.661873303748 1.02264398209 -0.0458432535223
1.6896120150187734 0.0271189051123 0.77672500085 1.01614803607 -0.160794961585
1.7521902377972465 0.0791185609166 0.883731778141 1.0026578106 -0.269117397597
1.8147684605757197 0.137524640903 0.981203564226 0.982636391608 -0.369287886326
1.8773466833541927 0.201691168841 1.06759027676 0.956638351652 -0.459908824012
1.9399249061326658 0.270880159783 1.14150508974 0.925301260759 -0.539728520809
2.002503128911139 0.344272501725 1.20174526152 0.889335959349 -0.607659859142
2.065081351689612 0.420980054398 1.24731020204 0.849515740768 -0.662796480025
2.127659574468085 0.500058798628 1.27741651196 0.80666459259 -0.704426257932
2.1902377972465583 0.580522792829 1.29150982879 0.761644714668 -0.732041916649
2.252816020025031 0.661358794612 1.2892731882 0.715343441079 -0.745348524702
2.3153942428035044 0.741541292292 1.2706318258 0.668659794505 -0.744267803435
2.3779724655819776 0.820047717022 1.23575437735 0.622490878353 -0.728939210178
2.4405506883604504 0.895873604887 1.1850503499 0.57771831314 -0.699717682262
2.5031289111389237 0.968047495701 1.11916412518 0.535194908136 -0.657168275883
2.565707133917397 1.03564543173 1.03896645947 0.495731690859 -0.602058563171
2.6282853566958697 1.0978046375 0.94553887516 0.460085668807 -0.535344664329
2.690863579474343 1.15373621174 0.840160138239 0.428948475945 -0.458159147489
2.753441802252816 1.20273695504 0.724285944556 0.402935792114 -0.371792847499
2.816020025031289 1.24419976446 0.599527720158 0.382578045263 -0.277675891425
2.8785982478097623 1.27762259655 0.467628405078 0.368312395022 -0.177356022958
2.9411764705882355 1.30261594465 0.330436513869 0.360476046076 -0.0724753837691
3.0037546933667083 1.31890854647 0.189878444666 0.359301145756 0.035254273444
3.0663329161451816 1.32635140696 0.0479297464489 0.364911189596 0.144077304705
3.1289111389236544 1.32491988655 -0.0934141236418 0.377319158659 0.252220351085
3.1914893617021276 1.31471408401 -0.232167821824 0.396427183492 0.357919212359
3.254067584480601 1.29595724955 -0.366385658726 0.422027971166 0.459445290344
3.3166458072590737 1.26899238149 -0.494190652958 0.453807858451 0.55513159563
3.379224030037547 1.23427706707 -0.613802393282 0.491351436467 0.643397687433
3.44180225281602 1.19237660996 -0.723563720557 0.534147709159 0.722773556438
3.504380475594493 1.14395545618 -0.821965570465 0.581597774709 0.791921860588
3.566958698372966 1.08976730434 -0.907669154662 0.633023684478 0.849657777642
3.6295369211514394 1.03064376427 -0.979526060089 0.687678601238 0.894966993242
3.6921151439299122 0.967481805055 -1.0365950014 0.744758040771 0.927020691989
3.7546933667083855 0.901230712851 -1.078157004 0.803411552011 0.945189143138
3.8172715894868587 0.832877453618 -1.10372473908 0.862755824476 0.949050049496
3.8798498122653315 0.763431666968 -1.11304980118 0.92188812556 0.938395053902
3.942428035043805 0.693911363006 -1.10612710969 0.979899107983 0.913233670267
4.005006257822278 0.625327105132 -1.08319427717 1.03588697192 0.873792707528
4.067584480600751 0.558666984407 -1.04472823473 1.0889709179 0.820513237329
4.130162703379224 0.494882132486 -0.991437930754 1.13830411671 0.754044045546
4.192740926157697 0.434872249005 -0.924253645454 1.1830866657 0.675232053346
4.25531914893617 0.379472195176 -0.844312824775 1.22257758967 0.585109621481
4.317897371714643 0.329439701623 -0.752943149558 1.2561058434 0.48487937884
4.380475594493117 0.285443853796 -0.651642310326 1.28308061719 0.375896101009
4.44305381727159 0.248055409382 -0.542055839978 1.30300000121 0.259646849824
4.505632040050062 0.217738114758 -0.425952145907 1.31545875471 0.137728605107
4.5682102628285355 0.194841876756 -0.305195983091 1.32015441307 0.0118245004251
4.630788485607009 0.179597632742 -0.181720429017 1.31689187356 -0.116321282639
4.693366708385482 0.172113980557 -0.0574980180113 1.30558640447 -0.24492937285
4.755944931163955 0.172375605271 0.0654890918359 1.28626504468 -0.372211933882
4.8185231539424285 0.180243630742 0.185278742673 1.25906627898 -0.496399201533
4.881101376720901 0.195457785507 0.299958294146 1.2242380881 -0.615765925242
4.943679599499374 0.217640410854 0.407693316514 1.18213434852 -0.728657071468
5.006257822277847 0.24630222009 0.506755144286 1.13320966357 -0.833512506559
5.068836045056321 0.280849722739 0.595546770515 1.07801270302 -0.928890193568
5.131414267834794 0.320594290704 0.67262708241 1.01717807176 -1.01348790362
5.193992490613266 0.364762516219 0.736732219836 0.951417021192 -1.08616235069
5.256570713391739 0.41250798316 0.786794637531 0.881506894434 -1.14594626999
5.319148936170213 0.462924013603 0.821959291265 0.808279697662 -1.19206292071
5.381727158948686 0.515057416393 0.841596362743 0.732609773682 -1.22393748912
5.444305381727159 0.567922908002 0.84531085758 0.65540087295 -1.24120569133
5.506883604505632 0.620517985765 0.832948610808 0.577572819019 -1.24371915898
5.569461827284105 0.671838119068 0.80459861727 0.500047888772 -1.23154753369
5.632040050062578 0.720891921505 0.760591786838 0.423737209226 -1.20497735977
5.694618272841051 0.766716173719 0.701496041524 0.349527287597 -1.16450770109
5.7571964956195245 0.808390390503 0.62810789351 0.278266949005 -1.11084260633
5.819774718397998 0.845050791074 0.541440621386 0.210754808214 -1.04488052791
5.882352941176471 0.875903396217 0.44270906836 0.147727522803 -0.967700715642
5.944931163954943 0.900236093867 0.33331166119 0.0898489696939 -0.880547121445
6.007509386733417 0.91742948845 0.214809445716 0.0377005103923 -0.784809632213
6.07008760951189 0.926966356891 0.0889027538035 -0.00822749644271 -0.682003181452
6.132665832290363 0.928439584212 -0.0425941055607 -0.0475428212923 -0.573745091331
6.195244055068836 0.921558451051 -0.177780013391 -0.0799570145986 -0.461730750507
6.257822277847309 0.906153184962 -0.314695447034 -0.10528950317 -0.347708182014
6.320400500625782 0.882177708075 -0.451351724148 -0.123470071781 -0.233451860808
6.382978723404255 0.849710521458 -0.58576075633 -0.134539676522 -0.120736074683
6.4455569461827285 0.808953744376 -0.715964762274 -0.13864960619 -0.0113083211643
6.508135168961202 0.760230304301 -0.840065515952 -0.136058987973 0.0931368794714
6.570713391739675 0.703979299911 -0.956252737619 -0.127130657349 0.190983403855
6.633291614518147 0.640749652239 -1.06283114124 -0.112325495283 0.280717742306
6.6958698372966206 0.571192117807 -1.1582457909 -0.0921952988368 0.360951701597
6.758448060075094 0.496049747526 -1.2411053386 -0.0673742602061 0.43044321083
6.821026282853567 0.416146994701 -1.31020282454 -0.0385692362289 0.488114944814
6.88360450563204 0.332377593695 -1.36453371654 -0.00654891723038 0.533070475438
6.9461827284105135 0.245691412444 -1.40331092008 0.0278679228913 0.564607710558
7.008760951188986 0.157080449219 -1.42597655487 0.0638249427421 0.582229437687
7.071339173967459 0.0675642080857 -1.43221028184 0.100441305759 0.585650778859
7.133917396745932 -0.0218253181134 -1.42193407179 0.1368251039 0.574803459424
7.196495619524406 -0.110058875984 -1.39531337333 0.172086970367 0.549836852745
7.259073842302879 -0.196125129141 -1.35275462634 0.205353646912 0.511115752611
7.321652065081351 -0.279045568327 -1.29489917098 0.235781311591 0.459214918304
7.3842302878598245 -0.357888928195 -1.22261364257 0.262568464731 0.394910473027
7.446808510638298 -0.43178487749 -1.1369770152 0.284968164214 0.319168301684
7.509386733416771 -0.499936820466 -1.03926446536 0.302299464906 0.2331296013
7.571964956195244 -0.561633701413 -0.930928196858 0.313957965399 0.138093710666
7.6345431789737175 -0.616260235325 -0.813575808977 0.31942494546 0.0354987401948
7.69712140175219 -0.663305983591 -0.688946270452 0.31827546926 -0.0730999417841
7.759699624530663 -0.702372867807 -0.558883603986 0.310185090037 -0.186053272671
7.822277847309136 -0.733180598331 -0.42530992312 0.294934687601 -0.301642638903
7.88485607008761 -0.755570995252 -0.29019604409 0.272414314045 -0.418106190525
7.947434292866083 -0.769509905084 -0.155532373322 0.242624886685 -0.533664908666
8.010012515644556 -0.775087595597 -0.0232989922529 0.205678518293 -0.646549391508
8.07259073842303 -0.772517138528 0.1045639071 0.161797045707 -0.7550263259
8.135168961201503 -0.762131016906 0.226185041251 0.111308968797 -0.857424470368
8.197747183979976 -0.744375924026 0.339790018959 0.0546447702734 -0.952159710684
8.260325406758447 -0.719805863965 0.443727862315 -0.00766928521371 -1.03775880541
8.32290362953692 -0.689073646163 0.536495679536 -0.0750187898282 -1.11288147607
8.385481852315394 -0.652920902807 0.616761123875 -0.146710153862 -1.17634051455
8.448060075093867 -0.612166779635 0.683382293253 -0.221980754703 -1.22711959852
8.51063829787234 -0.567695469384 0.735424779847 -0.300010121912 -1.26438855432
8.573216520650814 -0.520442774074 0.772175608741 -0.379931991674 -1.28751583397
8.635794743429287 -0.471381898093 0.793153861667 -0.460847049718 -1.29607802333
8.69837296620776 -0.421508684324 0.798117823823 -0.541836172675 -1.28986623665
8.760951188986233 -0.371826514893 0.787068548603 -0.621973969409 -1.26888930304
8.823529411764707 -0.323331149023 0.760249784955 -0.700342378305 -1.23337369567
8.88610763454318 -0.276995501231 0.71814428984 -0.776044317624 -1.18376022352
8.948685857321651 -0.233755050011 0.661466538954 -0.848216770863 -1.12069749768
9.011264080100124 -0.19449347473 0.591151888761 -0.916043667372 -1.04503221971
9.073842302878598 -0.160029528562 0.508342665162 -0.978767655683 -0.957796717467
9.136420525657071 -0.131104266291 0.414370817781 -1.03570155867 -0.860193405518
9.198998748435544 -0.108370123496 0.310738067646 -1.08623817035 -0.753577000546
9.261576971214017 -0.0923807725214 0.199093308848 -1.12985935666 -0.63943427764
9.32415519399249 -0.0835826818541 0.0812076926171 -1.16614363041 -0.519361751007
9.386733416770964 -0.0823084210028 -0.0410516474103 -1.19477216264 -0.395042137718
9.449311639549437 -0.0887714856903 -0.165749710898 -1.21553343215 -0.268219172695
9.51188986232791 -0.103062805674 -0.290912913019 -1.2283263677 -0.140671378949
9.574468085106384 -0.125149444658 -0.414558399399 -1.23316152677 -0.0141858083235
9.637046307884857 -0.154874847913 -0.534723963094 -1.23016088782 0.10946875703
9.699624530663328 -0.191961067704 -0.649497511304 -1.21955587096 0.228568200152
9.762202753441802 -0.236012847899 -0.757045694208 -1.20168369316 0.341458714614
9.824780976220275 -0.286523370939 -0.855641444011 -1.17698223438 0.446581474133
9.887359198998748 -0.342881749446 -0.943689959147 -1.14598334074 0.542495909986
9.949937421777221 -0.404382073142 -1.01975262915 -1.10930473447 0.627901144486
10.012515644555695 -0.470233856428 -1.08256866282 -1.06764066895 0.701655367915
10.075093867334168 -0.53957377928 -1.13107407881 -1.02175142504 0.762792853693
10.137672090112641 -0.611478562723 -1.16441771279 -0.972451790823 0.81053830206
10.200250312891114 -0.684978597535 -1.18197395209 -0.920598866254 0.844318253399
10.262828535669588 -0.759072482504 -1.18335235787 -0.867079052685 0.863769714463
10.32540675844806 -0.832741923259 -1.16840348656 -0.812794718908 0.868745381312
10.387984981226532 -0.904966814776 -1.13722123533 -0.758650702096 0.859315749523
10.450563204005006 -0.974740590699 -1.09014160516 -0.705540569187 0.835768016675
10.513141426783479 -1.04108514046 -1.02773766938 -0.654333264659 0.798601586854
10.575719649561952 -1.10306538178 -0.95081117485 -0.605860066284 0.748520559897
10.638297872340425 -1.15980333825 -0.860380583294 -0.560901983411 0.686423032861
10.700876095118899 -1.21049109373 -0.757665952686 -0.520178160427 0.613387571924
10.763454317897372 -1.25440292875 -0.644070804449 -0.484335012013 0.530656985149
10.826032540675845 -1.2909062115 -0.521161096164 -0.453936473081 0.439619503331
10.888610763454318 -1.31947071798 -0.390642046026 -0.429455654645 0.341788037157
10.951188986232792 -1.33967670338 -0.254332510901 -0.411267617298 0.238777243677
11.013767209011265 -1.35122098765 -0.114138177617 -0.399643922338 0.132279530065
11.076345431789736 -1.35392172304 0.0279772302796 -0.394748362444 0.0240392802684
11.13892365456821 -1.34772094904 0.170020997462 -0.396634673106 -0.0841731437321
11.201501877346683 -1.33268555933 0.310001245841 -0.40524566537 -0.190588102804
11.264080100125156 -1.30900629267 0.445956628073 -0.420414127452 -0.29346326022
11.32665832290363 -1.27699490558 0.575985586344 -0.441865353928 -0.39110977195
11.389236545682103 -1.2370795178 0.698274709491 -0.469221310435 -0.481917669574
11.451814768460576 -1.18979829134 0.811125815289 -0.502006290044 -0.564380101645
11.514392991239049 -1.13579136625 0.912981180895 -0.539654129992 -0.637115916814
11.576971214017522 -1.07579136463 1.00244685873 -0.581516709951 -0.698890532557
11.639549436795996 -1.01061247005 1.0783134013 -0.626873725317 -0.74863448375
11.702127659574469 -0.941138297465 1.13957387637 -0.674943542952 -0.78545954481
11.764705882352942 -0.868308712421 1.18543871556 -0.724894997189 -0.80867201642
11.827284105131413 -0.793105887615 1.2153475909 -0.775859868194 -0.817783350832
11.889862327909887 -0.716539879441 1.22897847649 -0.826945789674 -0.812518256622
11.95244055068836 -0.639632901589 1.22625038311 -0.877250322163 -0.792817137842
12.015018773466833 -0.563404928248 1.2073263109 -0.925873835918 -0.758838728492
12.077596996245306 -0.488858020466 1.17260979616 -0.971933535977 -0.710956990815
12.14017521902378 -0.416961680888 1.12273927451 -1.01457656608 -0.649756058259
12.202753441802253 -0.348638347645 1.05857816372 -1.05299298718 -0.576021345685
12.265331664580726 -0.284749712571 0.981201992064 -1.08642801733 -0.490728013992
12.3279098873592 -0.226083973694 0.89188210399 -1.11419343435 -0.395026369942
12.390488110137673 -0.173344081906 0.792066584612 -1.13567808771 -0.290224775674
12.453066332916146 -0.127137405285 0.683358434584 -1.15035714035 -0.177770096118
12.515644555694617 -0.0879668068842 0.567491662444 -1.15780004423 -0.0592262817183
12.57822277847309 -0.0562232218042 0.446305169511 -1.15767717283 0.063749025393
12.640801001251564 -0.0321799011556 0.321715042746 -1.14976496042 0.1894293107
12.703379224030037 -0.0159885561523 0.195685964427 -1.13394933928 0.316044797279
12.76595744680851 -0.00767718701677 0.0702016456276 -1.11022766785 0.441808929766
12.828535669586984 -0.00714983119869 -0.0527649529383 -1.07870893947 0.56494504854
12.891113892365457 -0.0141881825131 -0.171281199587 -1.0396123155 0.683712884165
12.95369211514393 -0.0284550042807 -0.283483747508 -0.993264051397 0.796434493917
13.016270337922403 -0.0494993641034 -0.387606540257 -0.940092791057 0.90151934706
13.078848560700877 -0.0767635602231 -0.482007385275 -0.880623346077 0.997488127621
13.14142678347935 -0.109591625475 -0.56519234633 -0.815469061816 1.08299458382
13.204005006257823 -0.147239347126 -0.635838432613 -0.745322825628 1.15684585198
13.266583229036295 -0.18888559406 -0.69281332836 -0.67094690402 1.21802013003
13.329161451814768 -0.233644797565 -0.735192417657 -0.593161746395 1.26568192869
13.391739674593241 -0.280580390291 -0.762272707413 -0.512833930436 1.29919454478
13.454317897371714 -0.328719036707 -0.773583360373 -0.430863398361 1.31812949863
13.516896120150188 -0.377065394706 -0.768892806838 -0.348170217223 1.32227290759
13.57947434292866 -0.424617218673 -0.748212258913 -0.265681033139 1.31162863774
13.642052565707134 -0.470380563152 -0.711795535698 -0.184315435126 1.28641815196
13.704630788485607 -0.513384873711 -0.660135472931 -0.104972419688 1.24707729916
13.76720901126408 -0.552697735328 -0.593956529554 -0.0285171618098 1.1942496976
13.829787234042554 -0.587439040815 -0.514203592312 0.0442316949763 1.12877671347
13.892365456821027 -0.616794347034 -0.422028382496 0.112514021362 1.0516852919
13.954943679599499 -0.640027323188 -0.318772057748 0.175639372274 0.964172380479
14.017521902377972 -0.656490965066 -0.205945172147 0.232997052015 0.867586986895
14.080100125156445 -0.665637516926 -0.0852050830056 0.284065022279 0.763409949867
14.142678347934918 -0.667026894115 0.0416688577076 0.328417467778 0.653231726002
14.205256570713392 -0.660333485083 0.172801883251 0.365730910791 0.538728590183
14.267834793491865 -0.645351255428 0.306251861401 0.395788805333 0.421637519873
14.330413016270338 -0.621997056599 0.440038346149 0.418484523758 0.303730181488
14.392991239048811 -0.590312100881 0.572172214381 0.433822701373 0.186786392655
14.455569461827285 -0.550461571253 0.700685340184 0.441918910952 0.0725675505023
14.518147684605758 -0.502732384121 0.823660369968 0.442997683259 -0.0372100306276
14.580725907384231 -0.447529104493 0.939259082856 0.437388873122 -0.140900514871
14.643304130162702 -0.385368134019 1.0457498675 0.425522478934 -0.236953149603
14.705882352941176 -0.316870213902 1.14153387105 0.407921953161 -0.323935681423
14.768460575719649 -0.24275135788 1.22516883828 0.385196106986 -0.400555703978
14.831038798498122 -0.163812364421 1.29539070534 0.358029742635 -0.46567999544
14.893617021276595 -0.0809270666382 1.35113252264 0.327173155308 -0.518351464489
14.956195244055069 0.00497054882259 1.39154048239 0.293430622227 -0.557803503905
15.018773466833542 0.0929000551639 1.41598664236 0.257648146318 -0.583471385947
15.081351689612015 0.181849083411 1.4240784209 0.22070049721 -0.595000766739
15.143929912390488 0.270788180879 1.41566436028 0.183477929278 -0.592252849306
15.206508135168962 0.358686057367 1.3908365838 0.146872552377 -0.575306586196
15.269086357947435 0.444524772937 1.34992930688 0.111764754704 -0.544457348852
15.331664580725908 0.527314763279 1.29351395767 0.0790097709351 -0.500212561048
15.39424280350438 0.606109430522 1.22239060184 0.0494246393148 -0.443284023175
15.456821026282853 0.680019095461 1.13757600493 0.0237757303652 -0.374577225716
15.519399249061326 0.748224099057 1.04028848043 0.00276703718775 -0.295177784737
15.5819774718398 0.809986858436 0.931929627448 -0.0129705982474 -0.20633509224
15.644555694618273 0.864662692718 0.814063455145 -0.0228891574823 -0.109443626799
15.707133917396746 0.911709277752 0.688392992643 -0.0265318904274 -0.00602201262629
15.76971214017522 0.950694553547 0.556734847818 -0.0235403749371 0.10230975776
15.832290362953692 0.98130298862 0.420992052931 -0.0136601053317 0.213854634753
15.894868585732166 1.00334010482 0.283125635388 0.00325547645883 0.326863964246
15.957446808510639 1.01673519412 0.145125316177 0.0272425684955 0.439563721116
16.020025031289112 1.02154218461 0.00897978334562 0.0582262534017 0.550181123025
16.082603254067585 1.01793864512 -0.123353017126 0.096021409399 0.656971228393
16.14518147684606 1.00622294294 -0.249975128414 0.140335274875 0.75824312041
16.207759699624532 0.986809596485 -0.36907693195 0.190771628849 0.852385286676
16.270337922403005 0.960222892886 -0.478964167842 0.246836524877 0.937889808823
16.33291614518148 0.927088871034 -0.578083231581 0.307945488125 1.01337500837
16.39549436795995 0.888125781031 -0.66504436319 0.37343207643 1.07760620507
16.45807259073842 0.844133135222 -0.738642287633 0.44255770208 1.12951419274
16.520650813516895 0.795979673835 -0.797874395198 0.514522425132 1.16821151196
16.583229036295368 0.744590234402 -0.841955729307 0.58847672788 1.19300586372
16.64580725907384 0.690931400931 -0.870330135624 0.663534381421 1.2034100853
16.708385481852314 0.635997356863 -0.882679018067 0.738785129466 1.19914998312
16.770963704630788 0.580794605811 -0.878925804126 0.813308385357 1.18016832316
16.83354192740926 0.52632679751 -0.859237141333 0.886186834422 1.14662589392
16.896120150187734 0.473579676672 -0.824020248227 0.956519925692 1.09889912575
16.958698372966207 0.423506114056 -0.773916751377 1.02343728949 1.03757456329
17.02127659574468 0.377011692661 -0.709792973548 1.08611165736 0.963440159886
17.083854818523154 0.334941112383 -0.63272688171 1.14377104851 0.877473580727
17.146433041301627 0.298065411506 -0.543991897242 1.19571022425 0.780827696089
17.2090112640801 0.267070330287 -0.445037740716 1.24130111909 0.674813418921
17.271589486858574 0.242545898804 -0.337468601725 1.28000217502 0.560880146941
17.334167709637047 0.224977576374 -0.223019083081 1.3113662857 0.440594211622
17.39674593241552 0.214738860524 -0.103528132259 1.33504742417 0.315615524665
17.459324155193993 0.212085619463 0.0190885869226 1.35080572658 0.187672827643
17.521902377972467 0.21715218496 0.142867514306 1.35851099887 0.0585378744104
17.58448060075094 0.229949299663 0.265826507638 1.35814456225 -0.0700008291556
17.647058823529413 0.250363846846 0.385994808129 1.34979950188 -0.196164868739
17.709637046307886 0.278160519392 0.501442512433 1.33367917844 -0.318212323256
17.77221526908636 0.312985272183 0.610309608114 1.31009414199 -0.434463775698
17.834793491864833 0.354370585014 0.710833891368 1.27945742397 -0.543327323126
17.897371714643302 0.401742415925 0.801377450412 1.24227831475 -0.643322302294
17.959949937421776 0.454428764461 0.880451282347 1.19915469896 -0.733101343884
18.02252816020025 0.511669696893 0.946737663532 1.15076408095 -0.811470415091
18.085106382978722 0.572628702323 0.999109990178 1.09785341782 -0.877406596871
18.147684605757195 0.636405215528 1.03664966155 1.04122790707 -0.93007321292
18.21026282853567 0.702048045862 1.05866006621 0.98173896218 -0.968832364525
18.272841051314142 0.768569549525 1.06467729003 0.920271521962 -0.993254529763
18.335419274092615 0.834960713198 1.05447655472 0.857730542909 -1.00312433957
18.39799749687109 0.900205897277 1.02807620686 0.795027796027 -0.998444160196
18.46057571964956 0.963298299169 0.985737251091 0.733068017988 -0.979433685642
18.523153942428035 1.02325495553 0.927959780454 0.672735474658 -0.946526751467
18.585732165206508 1.07913142477 0.855475457995 0.614880810132 -0.900364612556
18.64831038798498 1.130036065 0.769236707687 0.560308257544 -0.841786274118
18.710888610763455 1.17514340081 0.670402484805 0.509763665036 -0.771815759612
18.773466833541928 1.21370644939 0.560321120629 0.463923453088 -0.691646758717
18.8360450563204 1.24506809982 0.440510094869 0.423384419015 -0.602624524093
18.898623279098874 1.2686707901 0.312633650325 0.388655065168 -0.506225835821
18.961201501877348 1.28406514372 0.178477756215 0.360147858263 -0.404036591571
19.02377972465582 1.29091662951 0.0399235868831 0.338173258151 -0.297728067218
19.086357947434294 1.28901069516 -0.101080575547 0.32293511281 -0.189031766051
19.148936170212767 1.27825605822 -0.242548409718 0.314527702638 -0.0797133981875
19.21151439299124 1.2586861453 -0.382485192288 0.312934442404 0.0284536493694
19.274092615769714 1.23045870386 -0.518917566456 0.318028218971 0.133714960358
19.336670838548184 1.19385352676 -0.649922983262 0.329573418524 0.234361443971
19.399249061326657 1.14926837871 -0.77365838773 0.347229563217 0.32875501347
19.46182728410513 1.09721315147 -0.888387723305 0.370556533523 0.415353206743
19.524405506883603 1.03830234727 -0.992507839566 0.399021286914 0.492732377161
19.586983729662077 0.973246003478 -1.08457239109 0.432005971966 0.559609085701
19.64956195244055 0.902839191536 -1.16331341296 0.468817318506 0.614859412717
19.712140175219023 0.827950247581 -1.22766021217 0.508697163035 0.657535866264
19.774718397997496 0.749507914514 -1.27675531529 0.550833948388 0.686881654615
19.83729662077597 0.668487599549 -1.30996720848 0.594375014937 0.702342086461
19.899874843554443 0.585896927507 -1.32689971971 0.638439521951 0.703572964506
19.962453066332916 0.502760670347 -1.32739801623 0.682131927003 0.690445948294
20.02503128911139 0.420105789092 -1.31155056245 0.724555364278 0.663050299793
20.087609511889863 0.338946092279 -1.27968795798 0.764825365776 0.621691835457
20.150187734668336 0.260267162242 -1.23237783033 0.802083342235 0.566888345526
20.21276595744681 0.185012020889 -1.17041627856 0.835509401404 0.499361924942
20.275344180225282 0.114066851486 -1.09481585834 0.864335115708 0.420028207401
20.337922403003756 0.0482482216661 -1.00679044084 0.887854945221 0.329982800185
20.40050062578223 -0.0117092426048 -0.907736858896 0.905437256356 0.23048484233
20.463078848560702 -0.0651632664175 -0.799214165713 0.916533623904 0.12293842502
20.525657071339175 -0.11157382187 -0.682920011955 0.92068767286 0.0088714318458
20.58823529411765 -0.150510700603 -0.560665299249 0.917541839362 -0.110087164163
20.65081351689612 -0.181659874621 -0.434346992309 0.9068430462 -0.232231652181
20.713391739674595 -0.204827998963 -0.305919676907 0.888446714044 -0.355805058051
20.775969962453065 -0.219945056143 -0.177366237412 0.862319108364 -0.479025406917
20.838548185231538 -0.22706524367 -0.0506681764713 0.828538112754 -0.600112306056
20.90112640801001 -0.226365931845 0.0722241176362 0.787292273936 -0.717313574308
20.963704630788484 -0.218144805131 0.18942060322 0.73887821993 -0.828931423138
21.026282853566958 -0.202815196516 0.299119912757 0.683696459823 -0.933347827333
21.08886107634543 -0.180899677718 0.399636349597 0.622245621446 -1.02904870368
21.151439299123904 -0.153022032239 0.489425127145 0.555115240708 -1.11464651553
21.214017521902377 -0.119897704301 0.567105523517 0.482977185894 -1.18890101047
21.27659574468085 -0.0823228064305 0.631481764818 0.406575791093 -1.25073792371
21.339173967459324 -0.0411620866751 0.681560551227 0.326717057823 -1.29926467491
21.401752190237797 0.00266431331865 0.716566277827 0.244256773734 -1.33378400047
21.46433041301627 0.0481948231172 0.735952501505 0.160087983853 -1.35380422387
21.526908635794744 0.094441082464 0.739410255863 0.0751278580136 -1.35904670331
21.589486858573217 0.140402952878 0.726872576779 -0.00969577549107 -1.34944988564
21.65206508135169 0.185083717661 0.698515653622 -0.0934580650637 -1.3251703385
21.714643304130163 0.227505229681 0.654756065064 -0.175250724252 -1.28658027589
21.777221526908637 0.266722784992 0.59624453791 -0.25419537474 -1.23426196996
21.83979974968711 0.301839474111 0.523856369654 -0.329456421614 -1.16899917489
21.902377972465583 0.332019859099 0.438678199979 -0.400253324923 -1.09176528114
21.964956195244056 0.356502698356 0.341991703724 -0.465872018468 -1.00370871249
22.02753441802253 0.374612564278 0.23525455077 -0.525675337155 -0.906135875557
22.090112640801003 0.38577016386 0.120078442982 -0.57911228281 -0.800491491427
22.152690863579473 0.38950130035 -0.00179489156038 -0.625726073042 -0.688337097932
22.215269086357946 0.38544419278 -0.128519848577 -0.665160719518 -0.571327631435
22.27784730913642 0.373355016187 -0.258174683037 -0.697166012816 -0.451186588606
22.340425531914892 0.353111871012 -0.388790154837 -0.721601100529 -0.329680372881
22.403003754693366 0.324716800608 -0.518379090702 -0.738436317355 -0.208591820135
22.46558197747184 0.288295990553 -0.644966124277 -0.747753386886 -0.0896935645396
22.528160200250312 0.244098101222 -0.76661730828 -0.749743951593 0.0252784813045
22.590738423028785 0.192490773047 -0.881469093291 -0.744706466328 0.134651079331
22.65331664580726 0.133955298999 -0.987756225949 -0.73304145038 0.236838651604
22.715894868585732 0.0690796865854 -1.08383823083 -0.715245297194 0.330366997889
22.778473091364205 -0.00144995051969 -1.16822399247 -0.691902588052 0.413895312187
22.84105131414268 -0.0768594487911 -1.23959411897 -0.663677108909 0.486236213036
22.90362953692115 -0.156297987204 -1.29682069478 -0.631301670564 0.546373436089
22.966207759699625 -0.23885057434 -1.33898431163 -0.595566948236 0.593477089555
23.028785982478098 -0.323551580952 -1.36538781505 -0.557309384631 0.626915968864
23.09136420525657 -0.409399022123 -1.37556668932 -0.517398421458 0.64626686127
23.153942428035045 -0.495369295422 -1.36929618344 -0.476723322297 0.651320932372
23.216520650813518 -0.580432334991 -1.34659472311 -0.436179622645 0.642086787121
23.27909887359199 -0.663566832599 -1.30772366557 -0.396655519652 0.618790256054
23.341677096370464 -0.743775352992 -1.25318343457 -0.359018356121 0.581870940401
23.404255319148938 -0.820099065445 -1.18370610542 -0.324101447826 0.531975578359
23.46683354192741 -0.891631928356 -1.10024450634 -0.2926914002 0.469948292167
23.529411764705884 -0.957534075997 -1.00395801968 -0.265516139077 0.396817880075
23.591989987484354 -1.01704420956 -0.896195292753 -0.243233832617 0.313782341212
23.654568210262827 -1.06949083754 -0.778474117696 -0.226422843218 0.222190865582
23.7171464330413 -1.11430214709 -0.652458795396 -0.215572904879 0.123523571257
23.779724655819773 -1.15101441895 -0.51993529063 -0.211077604291 0.0193692638765
23.842302878598247 -1.17927881392 -0.38278457059 -0.213228319772 -0.0885984304165
23.90488110137672 -1.19886644424 -0.24295452033 -0.222209695404 -0.198646206189
23.967459324155193 -1.20967165416 -0.102430872929 -0.238096718463 -0.309007102051
24.030037546933666 -1.2117134619 0.0367924229532 -0.260853442647 -0.417907027624
24.09261576971214 -1.20513514528 0.172742982453 -0.290333373145 -0.523591421906
24.155193992490613 -1.19020196709 0.303499424147 -0.32628151699 -0.624351607259
24.217772215269086 -1.16729708578 0.427219997807 -0.368338057859 -0.718550416206
24.28035043804756 -1.13691569 0.542170197286 -0.416043620867 -0.804646909285
24.342928660826033 -1.0996574819 0.646748667281 -0.468846015378 -0.881219564953
24.405506883604506 -1.05621756917 0.73951063324 -0.526108402282 -0.946987251395
24.46808510638298 -1.00737601788 0.819190045338 -0.587118659792 -1.00082904666
24.530663329161452 -0.953986025403 0.884717960653 -0.651099984501 -1.04180069008
24.593241551939926 -0.896961090861 0.935238809017 -0.717222389372 -1.06914913838
24.6558197747184 -0.837261226696 0.970122837035 -0.784615059909 -1.08232369945
24.718397997496872 -0.775878552004 0.988975672573 -0.852379263268 -1.08098458725
24.780976220275345 -0.713822339761 0.991643999333 -0.919601745809 -1.06500799347
24.84355444305382 -0.65210382575 0.978217677759 -0.985368343395 -1.03448797674
24.906132665832292 -0.591721065113 0.949028512067 -1.04877754845 -0.989735348505
24.968710888610765 -0.533643901061 0.904645013517 -1.10895397591 -0.931272973465
25.031289111389235 -0.47879939525 0.845863865349 -1.16506141517 -0.859828116444
25.093867334167708 -0.428057920806 0.773697897634 -1.21631528795 -0.776321663836
25.15644555694618 -0.382220117327 0.689360803166 -1.2619943337 -0.681854426697
25.219023779724655 -0.342004833994 0.594248934549 -1.30145140947 -0.577690830053
25.281602002503128 -0.308038374202 0.48992018668 -1.33412312365 -0.465239992204
25.3441802252816 -0.28084509992 0.378070721295 -1.35953825149 -0.346034871622
25.406758448060074 -0.260839564032 0.260509386099 -1.37732478168 -0.221709349364
25.469336670838548 -0.24832031132 0.139130535762 -1.387215468 -0.0939738803799
25.53191489361702 -0.243465382302 0.0158856427767 -1.38905185548 0.0354099388329
25.594493116395494 -0.24632971584 -0.107246078635 -1.38278660561 0.164655686369
25.657071339173967 -0.256844248455 -0.228287333499 -1.3684843015 0.291978686148
25.71964956195244 -0.274817067254 -0.345292520277 -1.34632041342 0.415622680514
25.782227784730914 -0.299936217168 -0.456376865662 -1.3165787823 0.533885930226
25.844806007509387 -0.331774480876 -0.559744799451 -1.27964733611 0.645146633936
25.90738423028786 -0.369795750754 -0.653716896867 -1.2360123799 0.747887064794
25.969962453066334 -0.413363122975 -0.736755137506 -1.18625134308 0.840716199569
26.032540675844807 -0.461748502561 -0.807485982434 -1.13102417308 0.922390393917
26.09511889862328 -0.514143497892 -0.864721095533 -1.07106357358 0.991831948052
26.157697121401753 -0.569671659816 -0.907475139463 -1.00716403819 1.04814505272
26.220275344180227 -0.62740158706 -0.934980727978 -0.940170107611 1.09062918864
26.2828535669587 -0.686361042208 -0.946699841924 -0.870963721319 1.11878935924
26.345431789737173 -0.745551444435 -0.942332219851 -0.800451231229 1.13234361396
26.408010012515646 -0.803963043562 -0.921819712563 -0.729549804642 1.13122695743
26.470588235294116 -0.860590038392 -0.885347378686 -0.659173876485 1.11559234006
26.53316645807259 -0.914445768857 -0.833340749474 -0.590221534865 1.08580821814
26.595744680851062 -0.964577567925 -0.766459566911 -0.523561210705 1.04245295583
26.658322903629536 -1.01008113915 -0.685587990934 -0.46001879159 0.986306065033
26.72090112640801 -1.05011418985 -0.591821465562 -0.400365401595 0.918336453394
26.783479349186482 -1.08390919891 -0.486450375887 -0.345305955508 0.839687798323
26.846057571964955 -1.11078498074 -0.370940846413 -0.29546879046 0.751661361071
26.90863579474343 -1.13015703641 -0.246912870108 -0.251396383172 0.655696410314
26.971214017521902 -1.14154643388 -0.116116138679 -0.213537383715 0.55334858709
27.033792240300375 -1.14458711448 0.0195960699484 -0.182240058087 0.446266529813
27.09637046307885 -1.13903152038 0.15829455763 -0.157747233803 0.336167108016
27.15894868585732 -1.12475444199 0.298002990212 -0.140192838928 0.22480965456
27.221526908635795 -1.10175505288 0.436727412113 -0.129600063771 0.113969543637
27.284105131414268 -1.07015707973 0.572486005029 -0.125881192036 0.00541154996656
27.34668335419274 -1.03020711798 0.703338838583 -0.128839092066 -0.0991367850013
27.409261576971215 -0.982271087849 0.827416470816 -0.138170372898 -0.198010757132
27.471839799749688 -0.926828962666 0.942948270752 -0.153470086925 -0.289633854989
27.53441802252816 -0.86446772941 1.04828859763 -0.174238015233 -0.372541196124
27.596996245306634 -0.795872803517 1.14194149086 -0.199886336656 -0.44540162996
27.659574468085108 -0.721817939774 1.22258295043 -0.22974864316 -0.507037683221
27.72215269086358 -0.643153846714 1.28908071875 -0.263090115846 -0.556443268104
27.784730913642054 -0.560795678217 1.34051111092 -0.299118706006 -0.592798747745
27.847309136420527 -0.475709403635 1.37617298205 -0.336997320095 -0.615483438037
27.909887359198997 -0.388897737056 1.39559788942 -0.375856399148 -0.624084702393
27.97246558197747 -0.301385103337 1.39855733634 -0.414807360406 -0.6184044334
28.035043804755944 -0.214202730119 1.3850658937 -0.452955925855 -0.598461843268
28.097622027534417 -0.128373296327 1.35538111491 -0.489415847595 -0.564493383129
28.16020025031289 -0.0448957880355 1.30999954373 -0.523322447253 -0.516949163814
28.222778473091363 0.0352690462888 1.24964928751 -0.553845618418 -0.456486301268
28.285356695869837 0.111213204986 1.17527903539 -0.580202796952 -0.383959078836
28.34793491864831 0.182094302213 1.08804389828 -0.601670462381 -0.300406263658
28.410513141426783 0.24714844842 0.989288058726 -0.617595649258 -0.207035566799
28.473091364205256 0.305701208859 0.880524602218 -0.62740573732 -0.105205579535
28.53566958698373 0.357177536118 0.763412861125 -0.630617322685 0.00359451736627
28.598247809762203 0.401110172225 0.639733559561 -0.626843718436 0.117767213366
28.660826032540676 0.437146380534 0.511362111187 -0.61580095941 0.235630581602
28.72340425531915 0.465053034129 0.380240562463 -0.597312335155 0.355443405017
28.785982478097623 0.484719851794 0.24834850866 -0.571311263963 0.475431222096
28.848560700876096 0.496160837847 0.117673450125 -0.537842558402 0.593812873556
28.91113892365457 0.499513854306 -0.0098190596512 -0.497062018319 0.708827235188
28.973717146433042 0.495038287787 -0.132214743766 -0.449234317659 0.818759482806
29.036295369211516 0.483110962103 -0.24767921566 -0.394729320307 0.921966715757
29.09887359198999 0.464220267471 -0.354485499444 -0.334016798911 1.01690260102
29.161451814768462 0.438958651045 -0.451039907086 -0.267659686306 1.1021405456
29.224030037546935 0.408013505068 -0.535905857801 -0.196305892055 1.17639502596
29.286608260325405 0.372156632011 -0.607825405983 -0.120678844737 1.23854086515
29.34918648310388 0.332232451713 -0.665738022162 -0.0415669077784 1.28763004987
29.41176470588235 0.289145169623 -0.708796536297 0.0401881349623 1.32290600612
29.474342928660825 0.243844946306 -0.736379595864 0.123703487866 1.34381475362
29.536921151439298 0.197313534512 -0.748101138052 0.208068228923 1.35001338625
29.59949937421777 0.150549319045 -0.743816096902 0.292356729743 1.34137518054
29.662077596996244 0.104552164395 -0.723622559966 0.375642247586 1.3179915246
29.724655819774718 0.0603082155632 -0.687860261542 0.457010559148 1.2801705662
29.78723404255319 0.0187749234657 -0.63710547224 0.53557339306 1.22843263357
29.849812265331664 -0.0191335117607 -0.572162376428 0.610481487989 1.16350251091
29.912390488110137 -0.052560036753 -0.494050949506 0.680937058872 1.08629857929
29.97496871088861 -0.080717788351 -0.40399168235 0.746205499484 0.997919133946
30.037546933667084 -0.102902083521 -0.30338726973 0.805626141361 0.899625982694
30.100125156445557 -0.118501176581 -0.193801575503 0.858621908621 0.792825605407
30.16270337922403 -0.127005622818 -0.0769361812674 0.904707724553 0.679048149322
30.225281602002504 -0.128016108085 0.0453951282999 0.943497544236 0.55992457641
30.287859824780977 -0.121249627024 0.17129356209 0.974709908084 0.437162304321
30.35043804755945 -0.106543917322 0.298803793945 0.998171933377 0.312519705577
30.413016270337923 -0.0838600834556 0.425943282567 1.01382168418 0.187779846685
30.475594493116397 -0.0532833705194 0.550732001079 1.02170888435 0.0647238601739
30.53817271589487 -0.0150220758937 0.671222130974 1.02199396265 -0.0548956517143
30.600750938673343 0.0305953835118 0.785527276093 1.01494544582 -0.169380783756
30.663329161451816 0.083125205874 0.891850759977 1.00093573778 -0.277113673886
30.725907384230286 0.142014671253 0.988512581638 0.980435347186 -0.376580648199
30.78848560700876 0.206610242064 1.07397462599 0.954005651757 -0.466394803246
30.851063829787233 0.276167218939 1.14686366796 0.922290269254 -0.545316612853
30.913642052565706 0.349860463452 1.20599242778 0.886005472776 -0.612272789923
30.97622027534418 0.426797130678 1.25037667359 0.845928805587 -0.666371609063
31.038798498122652 0.506029382564 1.27925056906 0.802887712944 -0.706916657665
31.101376720901126 0.586568619234 1.29207803516 0.757746813978 -0.733417018027
31.1639549436796 0.667400116848 1.28856093115 0.711394809072 -0.745594601315
31.226533166458072 0.747498022989 1.26864352871 0.664731066552 -0.743388162279
31.289111389236545 0.825840638312 1.23251344111 0.618651952528 -0.726954139687
31.35168961201502 0.901425562781 1.18059890059 0.574037281461 -0.69666422687
31.414267834793492 0.973284576384 1.1135624234 0.531737003962 -0.653099707556
31.476846057571965 1.04049797643 1.03229099025 0.492558380657 -0.597042671535
31.53942428035044 1.10220826744 0.937882852032 0.457253735221 -0.529464208518
31.60200250312891 1.15763286992 0.83163117829 0.42650908545 -0.451509774733
31.664580725907385 1.20607573277 0.715004789381 0.400933755478 -0.364481948305
31.727158948685858 1.24693765416 0.589626261174 0.38105114402 -0.269820831838
31.78973717146433 1.27972515521 0.457247724099 0.36729078785 -0.169082390473
31.852315394242805 1.30405777842 0.319724737544 0.359981835408 -0.0639150665751
31.914893617021278 1.3196737009 0.178988605781 0.359348028789 0.0439650010603
31.97747183979975 1.32643357865 0.037017564506 0.365504269188 0.152799769251
32.040050062578224 1.32432256126 -0.104192730435 0.378454820075 0.260815707248
32.102628285356694 1.3134504532 -0.242658989998 0.398093169469 0.36625046035
32.16520650813517 1.29405000877 -0.376439870895 0.424203562841 0.467379327174
32.22778473091364 1.26647339877 -0.50366494457 0.456464172533 0.562541190642
32.29036295369212 1.23118689166 -0.622562588228 0.494451865476 0.650163483624
32.35294117647059 1.18876383662 -0.731486407663 0.537648490872 0.728785839784
32.415519399249064 1.13987605484 -0.828939762247 0.585448592597 0.797082044899
32.47809762202753 1.08528378993 -0.913597992874 0.637168411288 0.853879931197
32.54067584480601 1.02582412858 -0.984328654783 0.692056255603 0.898179485041
32.60325406758448 0.962398723591 -1.0402076128 0.749303497568 0.929167249511
32.66583229036296 0.895960085857 -1.08053303081 0.808056848712 0.946228841276
32.72841051314143 0.827497438297 -1.10483618109 0.86743102786 0.948958619698
32.7909887359199 0.758021887532 -1.11288768579 0.926522039191 0.937165265507
32.85356695869837 0.688551256837 -1.10470150088 0.984420752972 0.910875337968
32.91614518147684 0.62009490856 -1.08053407494 1.04022649507 0.870332511153
32.97872340425532 0.553638649249 -1.0408808922 1.09306056176 0.815994467928
33.04130162703379 0.490129988025 -0.986468660454 1.14207941753 0.748525894053
33.103879849812266 0.43046400353 -0.918244296648 1.18648734734 0.668788604653
33.166458072590736 0.375469977651 -0.837360844949 1.22554842151 0.577828923886
33.22903629536921 0.325899069284 -0.745159984058 1.25859752869 0.47686201037
33.29161451814768 0.282413057337 -0.643151957366 1.28505045073 0.367253874889
33.35419274092616 0.245574547182 -0.532992666665 1.30441262638 0.250500858187
33.41677096370463 0.215838574228 -0.416459087847 1.31628666329 0.128207606213
33.479349186483105 0.193545942466 -0.295422314065 1.32037829573 0.00206292088488
33.541927409261575 0.178918072772 -0.171819646818 1.3165009898 -0.126185241612
33.60450563204005 0.172053898127 -0.0476253089652 1.30457871497 -0.254756006469
33.66708385481852 0.172928380732 0.0751789722627 1.28464726267 -0.381861932202
33.729662077597 0.181393063361 0.19463389739 1.25685374273 -0.505735823786
33.79224030037547 0.197178297162 0.308831920456 1.22145457788 -0.624657002677
33.854818523153945 0.219897452706 0.415945938927 1.17881172179 -0.736977007321
33.917396745932415 0.249052814192 0.514256673903 1.12938736931 -0.841144120706
33.97997496871089 0.284043105834 0.602178547514 1.07373720448 -0.93572655204
34.04255319148936 0.324172657931 0.678283450319 1.01250217977 -1.01943372883
34.10513141426784 0.368661891695 0.741322264205 0.946399113804 -1.09113557888
34.16770963704631 0.41665921867 0.790243538482 0.876210021773 -1.14987926289
34.230287859824784 0.467253792001 0.824209452068 0.802770682591 -1.19490347662
34.292866082603254 0.519489423587 0.842608212167 0.726958161441 -1.22564956187
34.355444305381724 0.57237889794 0.845063586776 0.649677976589 -1.24177005061
34.4180225281602 0.624919015029 0.831440362493 0.571850612923 -1.24313356017
34.48060075093867 0.676105712729 0.801846562683 0.494397963711 -1.22982678721
34.54317897371715 0.7249492718 0.75663185524 0.418229697989 -1.20215308927
34.60575719649562 0.77048928832 0.696382402265 0.344229835738 -1.16062788006
34.668335419274094 0.811809209583 0.621912160405 0.273243713507 -1.10597084603
34.73091364205256 0.848050262555 0.534250749507 0.206065493571 -1.03909508986
34.79349186483104 0.878424459342 0.43462809505 0.143426499184 -0.961093384582
34.85607008760951 0.902226558913 0.324456113041 0.0859844840731 -0.873221779177
34.91864831038799 0.918844839843 0.205307605295 0.0343139662609 -0.776880705839
34.981226533166456 0.927770436225 0.07889275807 -0.0111021518498 -0.673593940866
35.04380475594493 0.928605125025 -0.0529663489373 -0.0498795770344 -0.564985783646
35.1063829787234 0.921067512991 -0.18836302397 -0.0817381860001 -0.452756632145
35.16896120150188 0.90499741322 -0.325334361507 -0.106505965334 -0.338657557985
35.23153942428035 0.880358479639 -0.46189066496 -0.124121391771 -0.224463963925
35.294117647058826 0.84723892331 -0.596045147677 -0.134634095075 -0.111948991893
35.356695869837296 0.805850461962 -0.725843634345 -0.138203939085 -0.00285693039915
35.41927409261577 0.756525309421 -0.849393782474 -0.135098347812 0.101122948563
35.48185231539424 0.699711398278 -0.964893365933 -0.125688049678 0.198381712956
35.54443053817272 0.635965900275 -1.07065719611 -0.110441297646 0.287414874422
35.60700876095119 0.565947149365 -1.16514233878 -0.0899166591616 0.366844966104
35.669586983729666 0.490404973296 -1.24697115235 -0.0647543812024 0.435442169828
35.732165206508135 0.410169692434 -1.31495190195 -0.0356665620294 0.492142772794
35.794743429286605 0.326139910511 -1.36809656486 -0.00342624130805 0.536065109419
35.85732165206508 0.239269281776 -1.40563561656 0.0311444262341 0.566522799656
35.91989987484355 0.150552495802 -1.42702947455 0.0671866975896 0.583034994703
35.98247809762203 0.0610105806543 -1.43197662802 0.103818378523 0.585333655255
36.0450563204005 -0.0283241417171 -1.42041809743 0.140147271957 0.573367543481
36.107634543178975 -0.116423287311 -1.39253832871 0.175284793925 0.547303022637
36.170212765957444 -0.20227755969 -1.34876238005 0.208359515855 0.507521536969
36.23279098873592 -0.284911661103 -1.28974957134 0.238530493176 0.454613924356
36.29536921151439 -0.36339858843 -1.21638365184 0.26500004319 0.389371611277
36.35794743429287 -0.436873326003 -1.12975956714 0.287025982652 0.312774762903
36.42052565707134 -0.504545634301 -1.03116691781 0.303933055647 0.225977470869
36.483103879849814 -0.565711292807 -0.922071294616 0.315122978139 0.130291039854
36.545682102628284 -0.619763207043 -0.804091167906 0.320084358572 0.0271632933159
36.60826032540676 -0.66619947604 -0.678974670006 0.31839989983 -0.0818422163233
36.67083854818523 -0.704630939815 -0.548573104891 0.309753133516 -0.195069927859
36.73341677096371 -0.734786828197 -0.414813284731 0.293933454581 -0.31079704173
36.79599499374218 -0.756518570567 -0.27966867801 0.270839509377 -0.427259354359
36.858573216520654 -0.769801783742 -0.14512991791 0.240480952311 -0.542677665095
36.92115143929912 -0.774736405921 -0.0131750227729 0.202978542492 -0.65528444071
36.9837296620776 -0.771545008061 0.114260183404 0.15856260846 -0.76335030049
37.04630788485607 -0.76056921012 0.235311020827 0.107569816056 -0.86520993722
37.10888610763455 -0.742264368649 0.348211828763 0.0504383885034 -0.959287075254
37.171464330413016 -0.717192537299 0.451322369003 -0.0122982198623 -1.04411811071
37.234042553191486 -0.686013861865 0.543152320506 -0.0800190514404 -1.11837404213
37.29662077596996 -0.649476447014 0.62238359596 -0.152024741631 -1.18088045033
37.35919899874843 -0.60840489599 0.687890009302 -0.227547803146 -1.23063510597
37.42177722152691 -0.563688137161 0.738753724462 -0.305763548043 -1.26682269455
37.48435544430538 -0.516265246241 0.774279893093 -0.385802806037 -1.28882791908
37.546933667083856 -0.467111761299 0.794006032261 -0.466764198933 -1.29624389272
37.609511889862326 -0.417224658507 0.797709352017 -0.547727615586 -1.28887869501
37.6720901126408 -0.36760726477 0.785409929254 -0.62776774253 -1.26675820841
37.73466833541927 -0.3192540624 0.757370065191 -0.70596769092 -1.23012553705
37.79724655819775 -0.273135593442 0.714091684736 -0.781432534046 -1.17943867194
37.85982478097622 -0.230183752656 0.656306825427 -0.853302496089 -1.11536196756
37.922403003754695 -0.191277586488 0.584967268141 -0.920765687643 -1.03875684984
37.984981226533165 -0.157230153233 0.501230862881 -0.983069890527 -0.950669564539
38.04755944931164 -0.128776066468 0.406443640247 -1.03953373022 -0.852315151355
38.11013767209011 -0.106560256666 0.30211956145 -1.08955675704 -0.745059303319
38.17271589486859 -0.091128328828 0.189918078343 -1.13262809764 -0.630398264866
38.23529411764706 -0.0829181279256 0.0716190066382 -1.16833402453 -0.509936323716
38.297872340425535 -0.0822529546745 -0.050904422003 -1.19636404719 -0.385361671781
38.360450563204004 -0.0893368363448 -0.175713048958 -1.21651516249 -0.25842178138
38.42302878598248 -0.104251056083 -0.300831460862 -1.22869497767 -0.130896826199
38.48560700876095 -0.12695293297 -0.424277398661 -1.23292281728 -0.00457333776793
38.54818523153943 -0.157276314832 -0.544091519937 -1.22932929582 0.118782454602
38.6107634543179 -0.194933900703 -0.658366861265 -1.2181542515 0.237451015411
38.67334167709637 -0.239521464979 -0.765277420308 -1.1997429765 0.349785106471
38.735919899874844 -0.29052375053 -0.863105593432 -1.17454095211 0.454234365696
38.798498122653314 -0.347322091729 -0.950267962614 -1.14308703429 0.549368407856
38.86107634543179 -0.409203558637 -1.02533909082 -1.1060052764 0.633898142094
38.92365456821026 -0.47537152732 -1.08707294736 -1.06399547434 0.706694967249
38.98623279098874 -0.544957511496 -1.13442164776 -1.01782258158 0.766807562551
39.04881101376721 -0.617034042591 -1.1665511961 -0.968305184746 0.813475994116
39.11138923654568 -0.690628515154 -1.18285413347 -0.916303114192 0.846143051142
39.17396745932415 -0.764737739677 -1.18295884553 -0.862704420441 0.864462590388
39.23654568210263 -0.838342647796 -1.16673473918 -0.808412213585 0.868304181722
39.2991239048811 -0.910423706587 -1.13429481954 -0.754330867081 0.857755425715
39.361702127659576 -0.97997597361 -1.08599376704 -0.701352542612 0.833120241744
39.424280350438046 -1.0460241872 -1.02242297786 -0.650343682765 0.79491443701
39.48685857321652 -1.1076372423 -0.944401477443 -0.602132053309 0.743857579862
39.54943679599499 -1.16394214217 -0.852964183187 -0.557494254153 0.680862499615
39.61201501877347 -1.21413700683 -0.749346210713 -0.517144074364 0.60702124336
39.67459324155194 -1.25750302747 -0.634964534365 -0.481721790403 0.523588663668
39.737171464330416 -1.29341522341 -0.511396901906 -0.451784535987 0.431963547487
39.799749687108886 -1.32135175488 -0.38035836366 -0.427797964536 0.333667608854
39.86232790988736 -1.34090176141 -0.243675659831 -0.410129231297 0.230322563661
39.92490613266583 -1.35177145367 -0.103259886048 -0.399041538758 0.12362566262
39.98748435544431 -1.35378856492 0.0389218164983 -0.394690150371 0.0153243507716
40.05006257822278 -1.34690489962 0.180875728205 -0.397120107606 -0.0928101093387
40.11264080100125 -1.33119709922 0.320611313669 -0.406265542791 -0.199009279078
40.175219023779725 -1.30686548202 0.456170853707 -0.42195071595 -0.301534068221
40.237797246558195 -1.2742310932 0.58565869257 -0.44389265375 -0.398700914885
40.30037546933667 -1.23373091806 0.707269485851 -0.471705432617 -0.48890707065
40.36295369211514 -1.18591138644 0.819315138288 -0.504905991392 -0.570654712533
40.42553191489362 -1.13142023615 0.92024997131 -0.542921412856 -0.642573469801
40.48811013767209 -1.07099686729 1.00869375983 -0.585097555977 -0.703441042785
40.550688360450565 -1.0054613461 1.08345226942 -0.630708896847 -0.752201583394
40.613266583229034 -0.935702145434 1.14353513877 -0.678969500289 -0.787981698474
40.67584480600751 -0.862662975148 1.18817045982 -0.729044805846 -0.810103496083
40.73842302878598 -0.787328698338 1.21681633141 -0.780064231733 -0.81809492168
40.80100125156446 -0.71071065894 1.22916887495 -0.831134305278 -0.811696926194
40.86357947434293 -0.633831657213 1.22516664058 -0.881352108083 -0.790867402029
40.926157697121404 -0.557710730285 1.20499147402 -0.92981889514 -0.755781949747
40.988735919899874 -0.483347977607 1.16906570564 -0.975653673138 -0.706831351455
41.05131414267835 -0.411709689574 1.11804571836 -1.0180065067 -0.644615801703
41.11389236545682 -0.343714025629 1.05281204758 -1.05607133201 -0.569936032974
41.1764705882353 -0.280217358329 0.974456114391 -1.08909817347 -0.48378142647
41.23904881101377 -0.222001604818 0.884263813151 -1.11640447563 -0.387315306212
41.30162703379224 -0.169762595918 0.783696165206 -1.1373855054 -0.281857606084
41.36420525657071 -0.124099838028 0.674367369375 -1.15152350647 -0.168865205867
41.42678347934919 -0.0855076507108 0.558020573224 -1.15839562126 -0.0499102264653
41.48936170212766 -0.054367917316 0.436501692275 -1.15768036802 0.0733434227399
41.55193992490613 -0.0309445095809 0.311731704558 -1.14916261827 0.199164861658
41.614518147684606 -0.0153794870691 0.185677821736 -1.13273698449 0.325782063086
41.677096370463076 -0.0076911261551 0.0603239422977 -1.10840956895 0.451408318999
41.73967459324155 -0.00777381374813 -0.062359027234 -1.07629804232 0.574268824855
41.80225281602002 -0.0153997748766 -0.180442850412 -1.03663007948 0.692627263073
41.8648310387985 -0.0302226633537 -0.292070823047 -0.989740126661 0.804811655666
41.92740926157697 -0.0517829098099 -0.395485660229 -0.936064594377 0.909239343433
41.989987484355446 -0.0795147812184 -0.489055850156 -0.876135517372 1.00444059198
42.052565707133915 -0.11275502583 -0.571300142966 -0.810572794424 1.08908052745
42.11514392991239 -0.1507529888 -0.640909781629 -0.740075110782 1.16197905012
42.17772215269086 -0.192682029733 -0.696768129578 -0.665409694384 1.22212841656
42.24030037546934 -0.237652085527 -0.737967477701 -0.587401046101 1.26870829575
42.30287859824781 -0.284723190528 -0.763822664156 -0.50691881239 1.30109797088
42.365456821026285 -0.332919751375 -0.773881327811 -0.424864981777 1.31888552646
42.428035043804755 -0.381245339817 -0.767930717839 -0.342160617192 1.32187395117
42.49061326658323 -0.428697779036 -0.74600116889 -0.259732325193 1.31008425468
42.5531914893617 -0.474284413124 -0.708365544355 -0.178498560838 1.28375497363
42.61576971214018 -0.517037153368 -0.65553504355 -0.0993561321625 1.24333842132
42.67834793491865 -0.556027167929 -0.588251666476 -0.0231670237382 1.18949394411
42.740926157697125 -0.590379000579 -0.507477218709 0.0492542687426 1.12307807931
42.803504380475594 -0.619283977808 -0.414379170941 0.117152766857 1.04513189615
42.866082603254064 -0.642012307763 -0.310312387976 0.179843866671 0.956864637709
42.92866082603254 -0.657924429559 -0.196799779068 0.236723524774 0.859636396642
42.99123904881101 -0.666480731457 -0.0755091544571 0.287276983924 0.754937393371
43.05381727158949 -0.667249816055 0.0517717213713 0.331086197704 0.644365639176
43.11639549436796 -0.65991530367 0.183161718824 0.367835946294 0.52960312831
43.178973717146434 -0.644280689317 0.316714649128 0.397318209421 0.412390492448
43.2415519399249 -0.620272533758 0.450448316665 0.419435047595 0.294500986482
43.30413016270338 -0.587941790274 0.582374186683 0.434199814016 0.177713922979
43.36670838548185 -0.547463274277 0.71052712936 0.441736703507 0.063788037978
43.42928660826033 -0.499133275149 0.832994830231 0.442278637899 -0.0455648447278
43.4918648310388 -0.443365354125 0.947946410216 0.436163527091 -0.148705441803
43.55444305381727 -0.380684354885 1.05365986768 0.423828929689 -0.244091584023
43.61702127659574 -0.311718863406 1.1485476584 0.405805324756 -0.33030112273
43.67959949937422 -0.237191905627 1.23118095218 0.382707806157 -0.406053651572
43.74217772215269 -0.157910404201 1.30031034913 0.355226664746 -0.470229058182
43.804755944931166 -0.0747533150056 1.35488508801 0.324116789113 -0.521884725849
43.867334167709636 0.0113411180112 1.394068453 0.29018627593 -0.560269331182
43.92991239048811 0.0993894388398 1.41725074093 0.254283849462 -0.584834457573
43.99249061326658 0.188377428814 1.42405804244 0.217285945773 -0.595242460342
44.05506883604506 0.277274971549 1.41435799835 0.180083424969 -0.591371623556
44.11764705882353 0.365051265282 1.38826173718 0.143567972199 -0.573317897351
44.180225281602006 0.450690049643 1.34612220358 0.108618485657 -0.541393403786
44.242803504380475 0.533204597105 1.28852908525 0.0760876750759 -0.496121896828
44.305381727158945 0.611652264053 1.21629989273 0.046789054374 -0.438230777726
44.36795994993742 0.685148388789 1.13046778666 0.0214845189174 -0.368640197973
44.43053817271589 0.752879397664 1.03226635966 0.000872631678716 -0.288449435508
44.49311639549437 0.81411454164 0.923110409408 -0.0144218645016 -0.198919681401
44.55569461827284 0.868216852223 0.804575776217 -0.0238578357427 -0.101455989002
44.618272841051315 0.914652367554 0.678375282465 -0.026985997293 0.00241426731639
44.680851063829785 0.952997943016 0.546333284936 -0.0234558864017 0.111064175274
44.74342928660826 0.982947380412 0.410358378496 -0.0130213298247 0.222791723001
44.80600750938673 1.0043158135 0.272414886784 0.00445564975605 0.335845323312
44.86858573216521 1.01704227987 0.134493509906 0.0290025510449 0.448450092617
44.93116395494368 1.02119041649 -0.00141841131562 0.0605357913817 0.558834472965
44.993742177722154 1.01694745727 -0.133366587993 0.0988616240238 0.665256815275
45.056320400500624 1.00462098383 -0.259459019912 0.143679067108 0.766031554024
45.1188986232791 0.98463433987 -0.377894174414 0.194584028883 0.859554434482
45.18147684605757 0.957520075783 -0.486987923614 0.251075196427 0.944326627805
45.24405506883605 0.923911803105 -0.585198701211 0.312561347908 1.0189772516
45.30663329161452 0.884534543185 -0.671150483345 0.378370012788 1.08228394176
45.369211514392994 0.840193687253 -0.743653345609 0.44775737506 1.13319125357
45.431789737171464 0.791762799688 -0.801721180429 0.519919211897 1.1708265198
45.49436795994994 0.740170393089 -0.844586369138 0.594002752575 1.19451298157
45.55694618272841 0.686385869063 -0.871711237356 0.669119283982 1.20378003858
45.61952440550689 0.63140486636 -0.88279600848 0.74435728635 1.19837036321
45.68210262828536 0.576234213928 -0.877783141318 0.818795922231 1.17824377661
45.744680851063826 0.521876737006 -0.856858153085 0.8915186566 1.14357797725
45.8072590738423 0.469316127812 -0.820447348139 0.961626818641 1.0947664985
45.86983729662077 0.419501965651 -0.769209957489 1.02825302891 1.03241166095
45.93241551939925 0.373335594667 -0.70402947838 1.09057385832 0.957316808367
45.99499374217772 0.331656384279 -0.625999736189 1.14782214365 0.870473817343
46.057571964956196 0.295229048784 -0.536408649202 1.19929835409 0.773048549822
46.120150187734666 0.264732192978 -0.436718873562 1.24438085931 0.666363511743
46.18272841051314 0.240747974236 -0.328545744624 1.28253519719 0.551878090537
46.24530663329161 0.223753286088 -0.213632937781 1.31332197847 0.431166750345
46.30788485607009 0.214112602845 -0.0938264167482 1.33640330342 0.305895693573
46.37046307884856 0.212072393338 0.0289533447546 1.35154777271 0.177797976205
46.433041301627036 0.217757336174 0.152740335576 1.35863388451 0.0486475535838
46.495619524405505 0.23116847956 0.275552175134 1.35765168961 -0.0797668488883
46.55819774718398 0.252183035927 0.395420283879 1.34870298198 -0.205668762835
46.62077596996245 0.280556256001 0.51041919175 1.33199962668 -0.327320232139
46.68335419274093 0.315924988837 0.618695566873 1.30786037725 -0.443047817736
46.7459324155194 0.357813099819 0.718496008925 1.27670602879 -0.551267496248
46.808510638297875 0.405638543327 0.808193411316 1.23905308867 -0.650508277072
46.871088861076345 0.458722036526 0.886311372338 1.19550601278 -0.739434072402
46.93366708385482 0.516297209748 0.951546445288 1.14674811891 -0.816863632139
46.99624530663329 0.57752207579 1.00278781025 1.0935313184 -0.881788169968
47.05882352941177 0.641491612282 1.03913387507 1.0366648504 -0.933386239623
47.12140175219024 0.707251225126 1.05990585472 0.977003226527 -0.97103590535
47.18397997496871 0.773811203673 1.06465824366 0.915433286743 -0.994324130134
47.246558197747184 0.840161322122 1.05318525879 0.852861123692 -1.00305255568
47.309136420525654 0.905286128706 1.02552428815 0.790198390439 -0.997240601074
47.37171464330413 0.968180154955 0.981955324403 0.728348679159 -0.977124965853
47.4342928660826 1.02786283673 0.922996862837 0.668194157256 -0.943155967178
47.49687108886108 1.08339346146 0.849398278667 0.610582179396 -0.895990724167
47.55944931163955 1.13388506792 0.762128667499 0.556312836834 -0.836483175078
47.622027534418024 1.17851792829 0.662362447624 0.506126880201 -0.765671194702
47.68460575719649 1.21655160986 0.551461952434 0.460694913489 -0.684761016424
47.74718397997497 1.24733646991 0.430957039091 0.420607095091 -0.595108982337
47.80976220275344 1.27032315441 0.302522328855 0.38636462558 -0.498201172475
47.87234042553192 1.28507102686 0.167952241991 0.358372193078 -0.395631059061
47.934918648310386 1.29125479274 0.0291342194247 0.336932033665 -0.289075536948
47.99749687108886 1.28866944006 -0.111979437339 0.322239499124 -0.180269716636
48.06007509386733 1.27723341424 -0.253400688021 0.314380205195 -0.070980855991
48.12265331664581 1.25698990319 -0.393135433719 0.313328871518 0.0370182081253
48.18523153942428 1.22810629874 -0.529213229302 0.318949793971 0.141975657222
48.247809762202756 1.19087179071 -0.659716735061 0.330998988639 0.242187055167
48.310387984981226 1.14569314247 -0.78281031224 0.349127963636 0.336020945671
48.3729662077597 1.09308871419 -0.896767407036 0.372889059525 0.421943365
48.43554443053817 1.0336808212 -0.99999631485 0.401742279989 0.498540904378
48.49812265331665 0.968186540302 -1.09106391471 0.435063511858 0.564541954857
48.56070087609512 0.897407105101 -1.16871704176 0.472154008015 0.618835837308
48.62327909887359 0.822216087317 -1.23190109154 0.512250956954 0.660489453648
48.685857321652065 0.743546353894 -1.27977592021 0.554539148017 0.688761516818
48.748435544430535 0.66237626465 -1.31172833889 0.598163316225 0.703113731102
48.81101376720901 0.579715321399 -1.32738074738 0.642240977785 0.703218515405
48.87359198998748 0.4965890307 -1.32659731392 0.685875969286 0.68896452931
48.93617021276596 0.414023860093 -1.3094855038 0.728171902696 0.660458034323
48.99874843554443 0.333031927212 -1.27639472573 0.768245859093 0.618021674261
49.061326658322905 0.254596062121 -1.22791068553 0.805241747718 0.562189411932
49.123904881101375 0.17965525401 -1.16484695388 0.838343320413 0.49369897115
49.18648310387985 0.109090756391 -1.088232449 0.866786595931 0.413480620963
49.24906132665832 0.0437130930905 -0.999296110774 0.8898714772 0.322643445043
49.3116395494368 -0.015749886145 -0.899448194713 0.906972428262 0.222458584436
49.37421777221527 -0.0686637396411 -0.790259507216 0.917548066939 0.114340637022
49.436795994993744 -0.114496688288 -0.673437468067 0.921149432251 -0.0001737839477
49.499374217772214 -0.152827464955 -0.550800728679 0.917426993263 -0.11944878437
49.56195244055069 -0.183351324347 -0.424251700754 0.906136010286 -0.241773794762
49.62453066332916 -0.205884514112 -0.295748310706 0.887140517836 -0.365388868789
49.68710888610764 -0.220366749177 -0.167274414465 0.860415519202 -0.488511181158
49.74968710888611 -0.226861927845 -0.0408101267268 0.826047606248 -0.609361601865
49.812265331664584 -0.225556969816 0.0816978555315 0.784233897148 -0.72619127532
49.87484355444305 -0.216758807664 0.198365430908 0.735279320312 -0.837307752711
49.93742177722153 -0.200889579068 0.307399345499 0.679592286864 -0.941100294944
50.0 -0.178480091354 0.407124060745 0.617678815779 -1.0360639359
