0.0 -0.5 0.5 3.001 5.9
0.10020040080160321 -0.390893444584 1.71925401348 3.5342169135 4.70061077426
0.20040080160320642 -0.149433731865 3.11644464105 3.93670713305 3.31515861484
0.30060120240480964 0.233658590964 4.51383503965 4.19813147934 1.91652693993
0.40080160320641284 0.748911340622 5.7265531691 4.32634345688 0.682125321337
0.501002004008016 1.37051515211 6.61960179187 4.34422173559 -0.274260355785
0.6012024048096193 2.06224043997 7.11693236301 4.28158182298 -0.927477229091
0.7014028056112225 2.78182975408 7.16683331812 4.16718784025 -1.31683779244
0.8016032064128257 3.48140371314 6.70485744537 4.02449704991 -1.50173467243
0.9018036072144289 4.10580608961 5.654851558 3.87149777073 -1.5284148953
1.002004008016032 4.59371741467 3.98267113791 3.7226031066 -1.42318687929
1.1022044088176353 4.88592390741 1.77715891706 3.58994434512 -1.2092474011
1.2024048096192386 4.9403961875 -0.707796550573 3.4825432568 -0.928011239762
1.3026052104208417 4.74683052019 -3.11162778969 3.40415125351 -0.641344310935
1.402805611222445 4.33066051535 -5.1067060116 3.35211301368 -0.410888053085
1.503006012024048 3.74318174016 -6.51678804176 3.31854926345 -0.277247659555
1.6032064128256514 3.04460044906 -7.33418709049 3.29266369292 -0.259879284947
1.7034068136272544 2.29010040883 -7.65215702137 3.2621178602 -0.373146162894
1.8036072144288577 1.52402550553 -7.58197853508 3.21276202434 -0.640133880401
1.9038076152304608 0.780904923284 -7.20389446056 3.12764335998 -1.09229082566
2.004008016032064 0.0891770156115 -6.56135893531 2.98682522963 -1.75423631004
2.1042084168336674 -0.526169104553 -5.6851964389 2.76920245566 -2.62080275752
2.2044088176352705 -1.04397775316 -4.62587681772 2.45649237849 -3.63905794847
2.3046092184368736 -1.44996583677 -3.47071092727 2.03815372456 -4.70985517778
2.404809619238477 -1.74007585037 -2.33216526578 1.51486578721 -5.71453982079
2.50501002004008 -1.92142212694 -1.31462577054 0.898524575639 -6.55420243921
2.6052104208416833 -2.00982296203 -0.483906608197 0.208679130323 -7.17761933795
2.7054108216432864 -2.02532392405 0.140494993838 -0.53255212805 -7.58272595454
2.80561122244489 -1.98818967458 0.569780201252 -1.30448999011 -7.79574128744
2.905811623246493 -1.91708941602 0.820325657502 -2.08932017094 -7.84316662276
3.006012024048096 -1.82973723726 0.892040773892 -2.87093310531 -7.72980049096
3.1062124248496996 -1.74514880829 0.758677826721 -3.63216694114 -7.42959339047
3.2064128256513027 -1.68607840819 0.374520238163 -4.35193155441 -6.89291879099
3.306613226452906 -1.67984833495 -0.300125849791 -5.00398108874 -6.07223559985
3.406813627254509 -1.75581300017 -1.25900991943 -5.55902998564 -4.96130379489
3.5070140280561124 -1.93881237313 -2.41416507935 -5.99073410814 -3.62860329317
3.6072144288577155 -2.24042888313 -3.59211898752 -6.28351258872 -2.21626943164
3.7074148296593186 -2.65210438743 -4.57389819233 -6.43789964579 -0.893026244463
3.8076152304609217 -3.14360033654 -5.15530335897 -6.46987122462 0.211605756729
3.907815631262525 -3.66689530791 -5.19022392548 -6.40459686123 1.04615280634
4.008016032064128 -4.16297958145 -4.60672442165 -6.26864700884 1.6296077891
4.108216432865731 -4.56968477233 -3.41567977232 -6.08458278704 2.01671277019
4.208416833667335 -4.83070009617 -1.72568927101 -5.86906154705 2.26679232666
4.3086172344689375 -4.90579821635 0.25280426713 -5.63318316579 2.43074106861
4.408817635270541 -4.77963666774 2.24367850486 -5.38338399016 2.55125596652
4.509018036072145 -4.46470106892 3.98206459244 -5.1221164008 2.66538990548
4.609218436873747 -3.99611371174 5.2909383002 -4.84839329344 2.80458515252
4.709418837675351 -3.42079026661 6.11223376557 -4.55839736946 2.99379227173
4.809619238476954 -2.78624380844 6.48533099683 -4.24615053204 3.25114702293
4.909819639278557 -2.13307881024 6.50084451116 -3.90422689339 3.58716107175
5.01002004008016 -1.49201073089 6.26023868777 -3.52461533603 4.00256261394
5.110220440881764 -0.884037084149 5.85390875736 -3.09982445328 4.4859698456
5.210420841683367 -0.321968577276 5.35461957317 -2.62413418061 5.01363989569
5.31062124248497 0.187808277739 4.81815869043 -2.0947031108 5.55268395723
5.410821643286573 0.643726476792 4.28518391358 -1.51219486919 6.06721381385
5.511022044088176 1.04758143734 3.78227593499 -0.88072641892 6.52523160081
5.61122244488978 1.40316491469 3.32292754048 -0.207204021829 6.90364756646
5.7114228456913825 1.71504968668 2.90977056488 0.499679622823 7.18983027886
5.811623246492986 1.98768820178 2.53855671115 1.23041981165 7.37963523663
5.9118236472945895 2.22497713379 2.2033543316 1.97534839029 7.47312222909
6.012024048096192 2.43035966867 1.90187777815 2.72480198697 7.46949876258
6.112224448897796 2.60741798024 1.63975284356 3.46880342975 7.36265338182
6.212424849699399 2.7607901126 1.43249680174 4.19637260734 7.1384346713
6.312625250501002 2.89711479837 1.3038771233 4.89470250663 6.7748846069
6.412825651302605 3.02557528148 1.27934889907 5.54856090298 6.24672309754
6.513026052104208 3.15751231885 1.37418091534 6.14038950495 5.53471773212
6.613226452905812 3.30466283164 1.57851981491 6.65152682693 4.63821714163
6.713426853707415 3.47598309969 1.8454002442 7.06464228896 3.5856258333
6.813627254509018 3.67376641577 2.09003303585 7.36681180893 2.43556828045
6.913827655310621 3.89051294924 2.20572899106 7.55204313078 1.26477557677
7.014028056112225 4.10813098526 2.09327767013 7.62207393031 0.147095274228
7.114228456913827 4.30031092588 1.69260251329 7.58506604884 -0.865496057
7.214428857715431 4.43763711978 1.00391431808 7.4529115714 -1.75070810544
7.3146292585170345 4.49393873581 0.0905805377376 7.23838745422 -2.51172914009
7.414829659318637 4.4519504213 -0.937109179332 6.95310136386 -3.16684274813
7.515030060120241 4.30659795496 -1.95167891732 6.60650884907 -3.73926690436
7.615230460921843 4.06505860549 -2.84108842132 6.20579403701 -4.25028015442
7.715430861723447 3.74390745142 -3.5325581142 5.7562648527 -4.71569087433
7.81563126252505 3.36463809371 -4.00066338092 5.26197590214 -5.1446568027
7.915831663326653 2.94915067437 -4.26067372328 4.72638774987 -5.54003553148
8.016032064128256 2.51638229635 -4.35374259796 4.15293540694 -5.8997757824
8.11623246492986 2.08051365556 -4.33126844485 3.54542314546 -6.21891584936
8.216432865731463 1.65058023719 -4.24299950256 2.90821012203 -6.49166469931
8.316633266533065 1.23101826918 -4.13025701502 2.24620652406 -6.71302690582
8.41683366733467 0.822660935773 -4.02352078425 1.5647449889 -6.87963119183
8.517034068136272 0.423822587182 -3.94279944655 0.869410938129 -6.98974768655
8.617234468937875 0.0312720417101 -3.89922647854 0.16590147461 -7.04276805234
8.71743486973948 -0.358963216902 -3.89669796357 -0.540053734057 -7.03855110894
8.817635270541082 -0.7509273763 -3.93282657499 -1.24271447415 -6.97698716375
8.917835671342685 -1.14811315425 -3.99890672542 -1.93632842182 -6.85797567162
9.01803607214429 -1.55278882581 -4.07899950351 -2.61514781512 -6.68179243034
9.118236472945892 -1.96520916969 -4.14864339937 -3.27349375564 -6.4496246631
9.218436873747494 -2.38271435171 -4.17410948092 -3.9058684786 -6.16392383761
9.318637274549099 -2.79883533521 -4.11351101436 -4.50707840032 -5.82821936848
9.418837675350701 -3.20266267996 -3.92118659099 -5.07230266916 -5.44620553753
9.519038076152304 -3.57886624455 -3.55638021785 -5.59703565758 -5.02018165024
9.619238476953909 -3.90879125397 -2.99577430054 -6.07685532037 -4.54921937416
9.719438877755511 -4.17289248922 -2.24700899812 -6.50701662681 -4.02758516493
9.819639278557114 -4.35435505295 -1.35769920978 -6.88192232556 -3.44397375644
9.919839679358718 -4.44312457055 -0.413755459005 -7.19458152925 -2.78212475835
10.02004008016032 -4.43908128241 0.476122213065 -7.43622729637 -2.02351243266
10.120240480961924 -4.35306557497 1.20672685766 -7.59633955763 -1.15283988264
10.220440881763528 -4.20508557934 1.70458455341 -7.66336497079 -0.166327574439
10.32064128256513 -4.02003622524 1.9477559313 -7.62633110943 0.919319042605
10.420841683366733 -3.82218863867 1.9697795728 -7.47720135676 2.06204402205
10.521042084168336 -3.63017242553 1.84620122939 -7.21328810044 3.19876691099
10.62124248496994 -3.4539891485 1.66890112975 -6.838712423 4.25964955144
10.721442885771543 -3.29478101166 1.51876977771 -6.3641642046 5.18626969707
10.821643286573146 -3.14695311051 1.44751333006 -5.80503264689 5.94458088244
10.92184368737475 -3.0014166048 1.47363019082 -5.17875465225 6.52724763283
11.022044088176353 -2.84860686272 1.59001706881 -4.50242644029 6.94676511135
11.122244488977955 -2.68043190182 1.77654055387 -3.7913403052 7.22487006462
11.22244488977956 -2.49097419007 2.01155313957 -3.05854664363 7.38332254356
11.322645290581162 -2.27623014557 2.27933428623 -2.31516074102 7.43842516105
11.422845691382765 -2.03333448056 2.57306385114 -1.57102080429 7.39934193015
11.52304609218437 -1.75967399275 2.89422156374 -0.835362873338 7.26929530658
11.623246492985972 -1.45219047701 3.24950990621 -0.117274892247 7.0486768865
11.723446893787575 -1.10707742152 3.64634067404 0.574222832958 6.73916855198
11.823647294589179 -0.719960238309 4.08781316576 1.23052036988 6.34791605819
11.923847695390782 -0.286567004192 4.56810951577 1.844131757 5.89052509709
12.024048096192384 0.196197061591 5.06904986823 2.40959278665 5.39161091575
12.124248496993989 0.728889271592 5.55794294407 2.92426253599 4.88218640686
12.224448897795591 1.3080061353 5.98616684027 3.38871533547 4.39440939761
12.324649298597194 1.92431262842 6.2877394012 3.80654644545 3.95543649965
12.424849699398798 2.56105585515 6.3786601205 4.18361290481 3.58268664467
12.525050100200401 3.19229498154 6.16094715218 4.52693709606 3.28194669252
12.625250501002004 3.78215675073 5.53829101403 4.84356454274 3.04818084912
12.725450901803606 4.28649244882 4.4486548444 5.13957472131 2.86745282612
12.82565130260521 4.65849364228 2.90840279491 5.41926727673 2.71831818218
12.925851703406813 4.8584246392 1.04501831226 5.68444368688 2.57244329852
13.026052104208416 4.86474911324 -0.911643279436 5.93374647526 2.39522258453
13.12625250501002 4.68178915935 -2.68820081754 6.16205033912 2.14595414563
13.226452905811623 4.3401079635 -4.04647153888 6.35978428548 1.7762093817
13.326653306613226 3.88994098304 -4.8373266624 6.51208082793 1.2290636632
13.42685370741483 3.39134804749 -5.0131274768 6.5982575955 0.448271439442
13.527054108216433 2.90447223986 -4.61780356823 6.59306032048 -0.595505008811
13.627254509018035 2.48091527363 -3.77632139369 6.47111457923 -1.87013943732
13.72745490981964 2.15625375921 -2.67961485342 6.21416817197 -3.26611816639
13.827655310621243 1.94509324638 -1.54666667796 5.81789040799 -4.62328473563
13.927855711422845 1.84112222557 -0.565976416421 5.29404833743 -5.79144501135
14.02805611222445 1.82278401057 0.151634660866 4.66657905732 -6.68391331572
14.128256513026052 1.86179490141 0.580285842454 3.96420640053 -7.29008802957
14.228456913827655 1.93041109122 0.750068401785 3.21389486891 -7.64943634169
14.32865731462926 2.00502957542 0.707387812625 2.43777114304 -7.8129885027
14.428857715430862 2.06623015275 0.485939686274 1.65354406997 -7.81448835977
14.529058116232465 2.09678990705 0.0954742307639 0.876959359568 -7.658907788
14.629258517034069 2.07941317307 -0.473227577187 0.124567882092 -7.32717528669
14.729458917835672 1.99560691199 -1.23126970973 -0.584653237862 -6.79369119647
14.829659318637274 1.8266238964 -2.16884711635 -1.22986712161 -6.05126208517
14.929859719438877 1.556539674 -3.23763647462 -1.79141204662 -5.13326973671
15.030060120240481 1.17629170802 -4.35094718896 -2.2553425148 -4.11940983845
15.130260521042084 0.686587434117 -5.40545921739 -2.61734813035 -3.11740486013
15.230460921843687 0.0980272728854 -6.31161170527 -2.88390772288 -2.22892284474
15.330661322645291 -0.571322867955 -7.0107769079 -3.0700726086 -1.51986516154
15.430861723446894 -1.29882847739 -7.4670001863 -3.19520832721 -1.01076577791
15.531062124248496 -2.05829535992 -7.64006953891 -3.27885830599 -0.687655057983
15.6312625250501 -2.8181276715 -7.45921657416 -3.33827997301 -0.522324238393
15.731462925851703 -3.53778931195 -6.81892425342 -3.38794468909 -0.489433859257
15.831663326653306 -4.16568868975 -5.61345267254 -3.44021632413 -0.571943017461
15.93186372745491 -4.64258733053 -3.81019999483 -3.50585787547 -0.752559636863
16.03206412825651 -4.91302887438 -1.5271200447 -3.59324034289 -0.998559982147
16.132264529058116 -4.94197001201 0.95230533288 -3.70636958057 -1.25625371963
16.23246492985972 -4.72777075852 3.26688746276 -3.84334499675 -1.4651120202
16.33266533066132 -4.30292171388 5.1188306545 -3.99677460046 -1.57873680687
16.432865731462925 -3.72240400024 6.36342643389 -4.15560373092 -1.56901657373
16.53306613226453 -3.0481736039 6.99680919389 -4.30621330122 -1.40912183875
16.63326653306613 -2.33851790519 7.08279542725 -4.43152442024 -1.05491408627
16.733466933867735 -1.64476992025 6.68935993801 -4.50911616918 -0.446499238876
16.83366733466934 -1.01208420613 5.87376939012 -4.51088646948 0.462829934962
16.93386773547094 -0.479301575748 4.71167532279 -4.40658011977 1.66195827893
17.034068136272545 -0.0751516486957 3.3333217465 -4.17138189286 3.05145847199
17.13426853707415 0.187608946388 1.92248435992 -3.79443405005 4.45954526865
17.23446893787575 0.315316738711 0.665107566404 -3.28315571807 5.70610388887
17.334669338677354 0.33025624677 -0.315279048966 -2.66038677823 6.67261894061
17.43486973947896 0.262588807689 -0.985010643006 -1.95636650289 7.32978001574
17.53507014028056 0.1421296687 -1.37785704483 -1.20062234526 7.71422698214
17.635270541082164 -0.0061471198654 -1.5488009656 -0.417628829206 7.8823768871
17.73547094188377 -0.162094457517 -1.53402210063 0.373062613981 7.87099309753
17.83567134268537 -0.307312948213 -1.33068161389 1.15368276289 7.67736886131
17.935871743486974 -0.421140170263 -0.898526463044 1.90418715122 7.26080739439
18.03607214428858 -0.477890912703 -0.183221722853 2.59941091556 6.56534303454
18.13627254509018 -0.447433603278 0.841655946958 3.20949137293 5.56110174447
18.236472945891784 -0.300314433057 2.13005728118 3.70481089714 4.28910234893
18.336673346693388 -0.0161912838999 3.54757929186 4.06433741908 2.87853670533
18.43687374749499 0.408648671125 4.90650952427 4.28316345944 1.51194874265
18.537074148296593 0.959209079967 6.03205529549 4.37437478588 0.353382775565
18.637274549098198 1.60572632792 6.80763447976 4.36393341274 -0.510268113706
18.7374749498998 2.30958620655 7.16802550018 4.28206655688 -1.07776993425
18.837675350701403 3.02656479462 7.05941036045 4.15616670899 -1.39937160429
18.937875751503007 3.70628315288 6.41125223841 4.00788344086 -1.53307094118
19.03807615230461 4.29098030807 5.1543825004 3.85386013543 -1.5187659201
19.138276553106213 4.71870433461 3.28819735205 3.70768793405 -1.37986894128
19.238476953907817 4.93420134132 0.956627124172 3.58060140319 -1.14394949398
19.338677354709418 4.90484151665 -1.53933261423 3.48007001219 -0.859806459464
19.438877755511022 4.63253378027 -3.83415608325 3.4077613702 -0.591336191637
19.539078156312627 4.15292763065 -5.64245632124 3.35915540497 -0.394155870618
19.639278557114228 3.52209987367 -6.84773552784 3.32528757816 -0.300713945945
19.739478957915832 2.79967614467 -7.48530329139 3.29489397557 -0.3270275663
19.839679358717436 2.0374129356 -7.66229698792 3.25521363246 -0.489591603216
19.939879759519037 1.27599692912 -7.48305933537 3.19135003921 -0.814913248362
20.04008016032064 0.547409379169 -7.0150399903 3.08542319112 -1.33382786024
20.140280561122246 -0.121399919226 -6.29477114194 2.91698740204 -2.06293245836
20.240480961923847 -0.706762634948 -5.3567809821 2.66560181688 -2.98215747864
20.34068136272545 -1.18964590666 -4.26269464957 2.31527540254 -4.02228958092
20.440881763527056 -1.55901284219 -3.10938018777 1.85910105404 -5.07507720055
20.541082164328657 -1.81455079288 -2.00874234983 1.3016716418 -6.02581018486
20.64128256513026 -1.96646936494 -1.05334559398 0.657792696323 -6.79065847803
20.741482965931862 -2.03219606429 -0.292671232983 -0.0518046911815 -7.33616531673
20.841683366733466 -2.03189085685 0.266074035477 -0.805362533747 -7.67218618999
20.94188376753507 -1.98511545433 0.637842415493 -1.58328709338 -7.82737050382
21.04208416833667 -1.90988174053 0.834758025299 -2.36865722299 -7.8224517213
21.142284569138276 -1.82393056432 0.848075024433 -3.14542636858 -7.65219581947
21.24248496993988 -1.74718679888 0.643510089662 -3.89548350463 -7.28129125582
21.34268537074148 -1.70384340287 0.173837899458 -4.59613914818 -6.65738854972
21.442885771543086 -1.72224666741 -0.590142814722 -5.21983186015 -5.7419857075
21.54308617234469 -1.83104354718 -1.61856225434 -5.7375165706 -4.55031592215
21.64328657314629 -2.05162029984 -2.79430543554 -6.12555627508 -3.17642831844
21.743486973947896 -2.38950216898 -3.92352786145 -6.37321470977 -1.77699807958
21.8436873747495 -2.82894875592 -4.7859464719 -6.48629158627 -0.513987039257
21.9438877755511 -3.33332385719 -5.19299864585 -6.48441131087 0.506564163753
22.044088176352705 -3.85023862042 -5.02205215526 -6.39382004799 1.25841017373
22.14428857715431 -4.31884041853 -4.22805609734 -6.24008400634 1.77572598235
22.24448897795591 -4.67806038962 -2.85417604458 -6.04384079747 2.11696108384
22.344689378757515 -4.87618630461 -1.04551844177 -5.81980806673 2.33915886675
22.44488977955912 -4.88099680147 0.958793595665 -5.57743857625 2.49024897098
22.54509018036072 -4.68692462913 2.87823597234 -5.32177190449 2.61087632889
22.645290581162325 -4.31516625584 4.47290874338 -5.05405401358 2.73617921443
22.74549098196393 -3.80605896359 5.6073048057 -4.77230237215 2.89529989186
22.84569138276553 -3.2075907726 6.2615153619 -4.4719461216 3.11070133067
22.945891783567134 -2.56525188982 6.49760873804 -4.14651203274 3.39778672717
23.04609218436874 -1.9161695782 6.41324074153 -3.78838601941 3.76358563921
23.14629258517034 -1.28741095446 6.10748510419 -3.38976714131 4.20439054094
23.246492985971944 -0.69677246022 5.66496860707 -2.94384256889 4.70409222843
23.34669338677355 -0.154465961742 5.15246492017 -2.44600460282 5.23525150298
23.44689378757515 0.335143234316 4.62022628339 -1.89478801324 5.76358348317
23.547094188376754 0.771966090838 4.10353529102 -1.29223201433 6.25457139778
23.647294589178358 1.15873969177 3.62367935632 -0.643575537154 6.67975662558
23.74749498997996 1.49968838068 3.18940674363 0.0435623295689 7.02041899586
23.847695390781563 1.79940042847 2.79989303236 0.760194179418 7.26766845208
23.947895791583168 2.06208800905 2.44928879964 1.49681858086 7.41947166811
24.04809619238477 2.29134722738 2.13202445756 2.24388441214 7.47604239533
24.148296593186373 2.49044171331 1.84780954813 2.99177069898 7.43501398051
24.248496993987978 2.66302606229 1.60513613671 3.73032405645 7.28762327581
24.34869739478958 2.81409652282 1.42211740766 4.44810797191 7.01698855717
24.448897795591183 2.95083325686 1.32331764601 5.13163754927 6.59970164738
24.549098196392787 3.08288010129 1.33151737291 5.76498618947 6.01185500359
24.649298597194388 3.22154493603 1.45472875597 6.33023125312 5.23952910914
24.749498997995993 3.3775902534 1.67186775459 6.80907042503 4.29095967707
24.849699398797597 3.55779766677 1.92401111412 7.18550025848 3.20435059376
24.949899799599198 3.76127011858 2.11899154272 7.44877393803 2.04477315183
25.050100200400802 3.97701931604 2.15213922205 7.59540360916 0.888719405519
25.150300601202403 4.18421618922 1.93707770541 7.6292591297 -0.19681060468
25.250501002004007 4.35553182013 1.4343597027 7.55975384742 -1.16982640289
25.350701402805612 4.46274070824 0.666518295253 7.39905633836 -2.0169000384
25.450901803607213 4.482896513 -0.285866835626 7.15950146051 -2.74650140931
25.551102204408817 4.40319721036 -1.30561176223 6.85191755405 -3.37849377783
25.65130260521042 4.22311854116 -2.27030830269 6.48496200232 -3.93511508335
25.751503006012022 3.95337730482 -3.08225906499 6.06519384348 -4.4353497861
25.851703406813627 3.61241558795 -3.68665077745 5.5975530092 -4.89229154602
25.95190380761523 3.22185954928 -4.07389834186 5.08599381361 -5.31255178512
26.052104208416832 2.80242114816 -4.26957613366 4.53410471532 -5.69701884248
26.152304609218437 2.37112418566 -4.3189871834 3.94560607013 -6.04251460641
26.25250501002004 1.94007785751 -4.27288413891 3.32465461668 -6.34385376162
26.352705410821642 1.51646599948 -4.17760851353 2.67594553429 -6.59575002622
26.452905811623246 1.10327739479 -4.07010318807 2.00465140371 -6.79410530553
26.55310621242485 0.700332374174 -3.97668025379 1.31627333236 -6.936467546
26.65330661322645 0.305313728571 -3.9139381653 0.616483969796 -7.02178512163
26.753507014028056 -0.0853414234813 -3.89042062224 -0.0889837264931 -7.04979472108
26.85370741482966 -0.475708583305 -3.90798514494 -0.794384834368 -7.02044567218
26.95390781563126 -0.869740207234 -3.96232149071 -1.49396798337 -6.93365450532
27.054108216432866 -1.27063173741 -4.0424682903 -2.18197787915 -6.78949324095
27.15430861723447 -1.68009645168 -4.12957673482 -2.85269502987 -6.58869784048
27.25450901803607 -2.09750831906 -4.19558882723 -3.50052961856 -6.33319992478
27.354709418837675 -2.51894501757 -4.20290405012 -4.12015550804 -6.02630682436
27.45490981963928 -2.93631146075 -4.10646166817 -4.70662983113 -5.67221065012
27.55511022044088 -3.33685426073 -3.85969232436 -5.25542425567 -5.27473361791
27.655310621242485 -3.70349515372 -3.42494697017 -5.76230159466 -4.83554118341
27.75551102204409 -4.01640013147 -2.78730743238 -6.22300434128 -4.35227102693
27.85571142284569 -4.25595028669 -1.9677844208 -6.63277467836 -3.81714025171
27.955911823647295 -4.40674113666 -1.02962067513 -6.98578178073 -3.21656143093
28.0561122244489 -4.46161332587 -0.0718390640917 -7.27458436959 -2.53234638328
28.1563126252505 -4.4243151773 0.791269132967 -7.48982405985 -1.74524905717
28.256513026052104 -4.30960988433 1.45916386566 -7.62042222456 -0.841530858375
28.35671342685371 -4.14047051345 1.87234376647 -7.6545758966 0.177900789244
28.45691382765531 -3.9430610313 2.02782275418 -7.5816845394 1.28882018131
28.557114228456914 -3.74102218173 1.97707808436 -7.39489575569 2.44099008488
28.65731462925852 -3.55084190419 1.8071399373 -7.09341485252 3.56596227431
28.75751503006012 -3.37968057075 1.61224230982 -6.68353073862 4.59402735204
28.857715430861724 -3.2260280183 1.46764139597 -6.17780220032 5.4723295551
28.95791583166333 -3.08244065819 1.41541378616 -5.59276458674 6.1750977393
29.05811623246493 -2.93895715904 1.46483841553 -4.94618257825 6.70254892951
29.158316633266534 -2.78591929413 1.60276579832 -4.2548582785 7.07182431107
29.258517034068138 -2.61555500736 1.80680464202 -3.53349201692 7.30602756823
29.35871743486974 -2.42233467974 2.05599579648 -2.79453717709 7.42585072375
29.458917835671343 -2.20248235645 2.33688735808 -2.04868977317 7.44532783616
29.559118236472944 -1.95310999318 2.64523353027 -1.30560744906 7.37126581521
29.65931863727455 -1.67134934475 2.98438974769 -0.574550319013 7.20531826584
29.759519038076153 -1.35376556467 3.36153815148 0.135279341584 6.94770840202
29.859719438877754 -0.996215006894 3.78278971677 0.814814634684 6.60165357252
29.95991983967936 -0.594207944994 4.24814113954 1.45563407891 6.17738798593
30.060120240480963 -0.143742852344 4.74722648893 2.05079813593 5.69444049931
30.160320641282564 0.357495265618 5.25644382854 2.59577901666 5.18098146628
30.260521042084168 0.908724177504 5.73732803425 3.08915210238 4.66992464056
30.360721442885772 1.50450878382 6.13524772486 3.53278023033 4.19289463804
30.460921843687373 2.13306898663 6.37795873706 3.93137363834 3.77423160502
30.561122244488978 2.77448948672 6.37570844478 4.2915447208 3.42718694996
30.661322645290582 3.39922633971 6.02817858904 4.62063805194 3.15325341735
30.761523046092183 3.96796200551 5.24563435076 4.92562047646 2.94375545747
30.861723446893787 4.43446047134 3.9872553762 5.21216524647 2.78181291527
30.96192384769539 4.75273326196 2.30537928332 5.48389095204 2.64338821609
31.062124248496993 4.88780188582 0.36741124275 5.74166943723 2.49779366029
31.162324649298597 4.82631716639 -1.57135495855 5.98299314347 2.3083592154
31.2625250501002 4.5820138466 -3.2394183998 6.20137758521 2.03214463221
31.362725450901802 4.1933850287 -4.42440520651 6.38563404494 1.61782783744
31.462925851703407 3.71541468806 -5.01228405335 6.51901354542 1.0067079284
31.56312625250501 3.20945877824 -4.98807140942 6.57903241501 0.146930935271
31.663326653306612 2.73393351109 -4.42357080553 6.53960467522 -0.975467099752
31.763527054108216 2.33612067126 -3.46741279247 6.37657055372 -2.30407471915
31.86372745490982 2.0452926336 -2.32512154666 6.07531394461 -3.70784792465
31.96392785571142 1.86909684293 -1.21307977343 5.63655653023 -5.02164149912
32.06412825651302 1.7954706147 -0.299201777039 5.07658570237 -6.11014302298
32.16432865731463 1.79966123806 0.333743248592 4.4217680661 -6.91107075444
32.26452905811623 1.85279583988 0.681995116997 3.70094110771 -7.43365445317
32.364729458917836 1.92814567401 0.785179809332 2.93976892807 -7.72529760997
32.46492985971944 2.00348091096 0.688075580511 2.15886349639 -7.83408675089
32.565130260521045 2.06024883537 0.416822982461 1.3750522735 -7.78494767775
32.66533066132264 2.0812720862 -0.0268282078638 0.604150466712 -7.5735309287
32.765531062124246 2.04867150356 -0.655969633347 -0.136457595912 -7.17554732623
32.86573146292585 1.94333037424 -1.47828111022 -0.826797300321 -6.56778083568
32.965931863727455 1.74661824547 -2.47288546431 -1.44571325638 -5.75405926826
33.06613226452906 1.4440683228 -3.57684005142 -1.97464176705 -4.78402087762
33.166332665330664 1.029407692 -4.69279800712 -2.40231645366 -3.75120948914
33.26653306613226 0.506734543016 -5.7165838206 -2.72804064671 -2.76725729762
33.366733466933866 -0.110355296203 -6.56656904458 -2.9616928499 -1.92596737991
33.46693386773547 -0.801737857528 -7.19340182311 -3.12053644268 -1.27863138173
33.567134268537075 -1.54336802696 -7.5637346078 -3.22466849782 -0.832025504686
33.66733466933868 -2.30741852483 -7.63042995433 -3.29326003743 -0.564389787862
33.76753507014028 -3.05964347007 -7.31069024001 -3.34276223229 -0.44642367853
33.86773547094188 -3.75583782436 -6.49299590331 -3.38695659197 -0.455492437942
33.967935871743485 -4.34104490381 -5.08590950193 -3.43777867097 -0.576237232773
34.06813627254509 -4.75550131142 -3.09921108876 -3.50550256998 -0.788101846711
34.168336673346694 -4.94847314888 -0.709062806242 -3.59744216922 -1.05095524473
34.2685370741483 -4.89492092007 1.76007251805 -3.71584573374 -1.30576859634
34.3687374749499 -4.60515095785 3.95169051855 -3.8568693628 -1.49395085605
34.4689378757515 -4.12089345358 5.61336120323 -4.01165647786 -1.57558881387
34.569138276553105 -3.50112263474 6.65363463986 -4.16824059161 -1.52594016065
34.66933867735471 -2.80733032778 7.10145942062 -4.31209105707 -1.31489236861
34.76953907815631 -2.09536767334 7.02831921106 -4.42470283451 -0.892514140014
34.86973947895792 -1.41411165827 6.49783523105 -4.48186641725 -0.198926652661
34.96993987975952 -0.806594484838 5.56723859933 -4.45429017336 0.799953181793
35.07014028056112 -0.308945516231 4.32409410649 -4.31244631926 2.06834685341
35.170340681362724 0.0543880394428 2.91585214278 -4.03489337513 3.48130985565
35.27054108216433 0.276264550028 1.53308381003 -3.61605615416 4.85686008353
35.37074148296593 0.368335564894 0.348665282964 -3.06851576027 6.02733973209
35.47094188376754 0.356115445313 -0.540123809003 -2.41820690969 6.90046934836
35.57114228456914 0.270356954531 -1.12352396637 -1.69583790672 7.47057257919
35.67134268537074 0.139668695704 -1.44640639246 -0.929644392998 7.78496584754
35.77154308617234 -0.0125959016285 -1.5614756982 -0.142435039763 7.89743952147
35.87174348697395 -0.167218643939 -1.4944509846 0.647184089744 7.83406205158
35.97194388777555 -0.305539298713 -1.23026279332 1.42117795488 7.57968197158
36.07214428857716 -0.405586257361 -0.72103315343 2.15816244156 7.0856665388
36.17234468937876 -0.440094195058 0.0844260639887 2.83132381492 6.29875049966
36.27254509018036 -0.378369461406 1.19532181525 3.41012291337 5.20586009063
36.37274549098196 -0.192671322236 2.53910233154 3.86651447271 3.87445264898
36.47294589178357 0.13307135072 3.95954306712 4.18360710444 2.45570038419
36.57314629258517 0.596948161953 5.26510828851 4.36195832924 1.13487905655
36.673346693386776 1.17890518055 6.29457346194 4.41927436611 0.0575653693732
36.77354709418837 1.84577863752 6.94804045273 4.38372402526 -0.716247192052
36.87374749498998 2.55677786112 7.16667541338 4.28528828087 -1.20537757905
36.97394789579158 3.26553787321 6.89211115172 4.14976815202 -1.46669541669
37.07414829659319 3.91901082754 6.05060165918 3.99712758114 -1.5545790705
37.17434869739479 4.45723603242 4.58815473427 3.84286750848 -1.50315832763
37.274549098196395 4.81894319641 2.54641834267 3.69979722515 -1.33527052913
37.37474949899799 4.95469722724 0.12518856887 3.57807787052 -1.08439824296
37.4749498997996 4.84256810241 -2.33919682748 3.48343069988 -0.805464780555
37.5751503006012 4.49642241993 -4.49352430688 3.41547670342 -0.561451642005
37.675350701402806 3.9604267879 -6.10424971377 3.36811251364 -0.400509476057
37.77555110220441 3.29343483627 -7.11136272542 3.33157359556 -0.348193754411
37.875751503006015 2.55322576477 -7.58325488388 3.2942215719 -0.419223249119
37.97595190380761 1.78783183884 -7.63256289888 3.24280214942 -0.633107920556
38.07615230460922 1.03457528404 -7.35346934396 3.16161097611 -1.01871397712
38.17635270541082 0.323262992788 -6.80192969573 3.03196313203 -1.60383061736
38.276553106212425 -0.320531854645 -6.0110243801 2.8332870354 -2.39452129026
38.37675350701403 -0.874689030313 -5.02182521843 2.54637332918 -3.35494858745
38.476953907815634 -1.32267624905 -3.90700693537 2.15803345556 -4.40171444384
38.57715430861723 -1.6568973631 -2.76962051763 1.66515754181 -5.42202650051
38.677354709418836 -1.88056482872 -1.71666325328 1.07593649234 -6.3095754972
38.77755511022044 -2.00641294014 -0.82663384101 0.40744760113 -6.9972771448
38.877755511022045 -2.05284846033 -0.133701830585 -0.319027626458 -7.4677863335
38.97795591182365 -2.03973672767 0.364179270993 -1.08245321716 -7.73951590601
39.078156312625254 -1.98584833272 0.682608117245 -1.86434514266 -7.8404195567
39.17835671342685 -1.90870745434 0.827559723102 -2.6484482178 -7.78368497162
39.278557114228455 -1.82635912687 0.781417934937 -3.41845655209 -7.55394678138
39.37875751503006 -1.75984406633 0.503508657782 -4.1550668113 -7.10832173898
39.478957915831664 -1.73474318993 -0.0514727765256 -4.83400399835 -6.39510819852
39.57915831663327 -1.77997956203 -0.898037157408 -5.42678852034 -5.38883089479
39.67935871743487 -1.92268478342 -1.98020914193 -5.90534202533 -4.12824283361
39.77955911823647 -2.17993625006 -3.15354544116 -6.24945024937 -2.73042917875
39.879759519038075 -2.55075053252 -4.20968123289 -6.45345428303 -1.35995257957
39.97995991983968 -3.01239314074 -4.93314537157 -6.52795415953 -0.165702058923
40.08016032064128 -3.52249505875 -5.15422931297 -6.49534102037 0.771397251814
40.18036072144289 -4.02516331013 -4.77496283994 -6.38214363314 1.44733605928
40.28056112224449 -4.45869591558 -3.77890158008 -6.2125242294 1.90720135359
40.38076152304609 -4.76432788468 -2.2435847571 -6.00515909786 2.21052517221
40.480961923847694 -4.89622754636 -0.349339521101 -5.77293965229 2.41153701031
40.5811623246493 -4.83102409147 1.64352715565 -5.52378278322 2.5555245759
40.6813627254509 -4.57279731629 3.46111627384 -5.26141643455 2.68118927496
40.78156312625251 -4.15031878801 4.89636517959 -4.98597098789 2.82158914426
40.88176352705411 -3.60757750046 5.85582086912 -4.69457545745 3.00344409667
40.98196392785571 -2.99233111871 6.3526929027 -4.3820220977 3.24661988979
41.08216432865731 -2.34733721848 6.4656711174 -4.04147890576 3.56348315955
41.18236472945892 -1.70605844857 6.29540036573 -3.66531929499 3.95714339308
41.28256513026052 -1.09200199387 5.93690328454 -3.24616463329 4.41923461637
41.38276553106213 -0.519940622254 5.46875755967 -2.77808927056 4.92924374702
41.482965931863724 0.00232934004795 4.95180323403 -2.25774301844 5.45696622981
41.58316633266533 0.472281731017 4.43066653388 -1.68506979621 5.96795966224
41.68336673346693 0.891107136344 3.93507417835 -1.06339705771 6.43017455961
41.78356713426854 1.26227385972 3.4810028948 -0.39891177202 6.81925353902
41.88376753507014 1.59024321774 3.07277142275 0.300251188478 7.12074184956
41.983967935871746 1.87947155567 2.70669927747 1.02496716332 7.3288914097
42.08416833667334 2.13384759189 2.37601678017 1.76582534467 7.44299633146
42.18436873747495 2.35664738524 2.07609829462 2.51340116246 7.46270419714
42.28456913827655 2.55098323851 1.80894225905 3.25806534823 7.38361757496
42.38476953907816 2.72062053953 1.58580121059 3.98940994142 7.19426002007
42.48496993987976 2.87091470929 1.42677394989 4.69548338254 6.87545366159
42.585170340681366 3.00950359309 1.35611374149 5.36213187653 6.40327808835
42.68537074148296 3.14627811264 1.39252176097 5.97285799796 5.75648191363
42.78557114228457 3.29216634564 1.53562077754 6.50962492097 4.92759268014
42.88577154308617 3.45654547236 1.75310342009 6.95481436065 3.93396032511
42.985971943887776 3.64370115659 1.97594659594 7.29402648667 2.82234617462
43.08617234468938 3.84950468525 2.10820229061 7.5187756673 1.66181603749
43.186372745490985 4.05983832105 2.05136773458 7.62790444076 0.526151152853
43.28657314629258 4.25186902473 1.73494137924 7.62704793844 -0.525692841115
43.38677354709419 4.39817523964 1.14079055173 7.52647058994 -1.46122621288
43.48697394789579 4.47258052112 0.311755937193 7.33832560542 -2.27436209826
43.587174348697395 4.45590325274 -0.658561985582 7.07437827177 -2.97723009872
43.687374749499 4.33986852241 -1.65112141175 6.74469172801 -3.59011360171
43.787575150300604 4.12809251706 -2.55271851662 6.35722794427 -4.13364749954
43.8877755511022 3.83411176563 -3.28188884305 5.91806478164 -4.62429957035
43.987975951903806 3.47745690662 -3.80118263871 5.43192547996 -5.07250120288
44.08817635270541 3.0792603926 -4.11461629926 4.90279932292 -5.48257347505
44.188376753507015 2.65866820703 -4.25534319922 4.33450568225 -5.85384702396
44.28857715430862 2.23067804658 -4.27059062375 3.7311063447 -6.18248951459
44.388777555110224 1.80539384979 -4.20909501294 3.09712106442 -6.46351126086
44.48897795591182 1.38830881504 -4.113227541 2.43755630161 -6.69240522668
44.589178356713425 0.981148697075 -4.0155553906 1.75780443367 -6.86606074596
44.68937875751503 0.582888827537 -3.93853326425 1.06349158558 -6.98288517222
44.789579158316634 0.190711907091 -3.89575455469 0.360344364976 -7.04236509104
44.88977955911824 -0.199183548061 -3.89349530127 -0.345887181715 -7.04445133093
44.98997995991984 -0.590906440066 -3.93171442445 -1.04945205758 -6.98913168538
45.09018036072144 -0.98825118357 -4.0040955839 -1.74459702378 -6.87640660748
45.190380761523045 -1.39402986028 -4.09712901966 -2.42558437623 -6.70667712394
45.29058116232465 -1.8092792091 -4.18863278219 -3.08676151813 -6.48134007833
45.390781563126254 -2.23232419234 -4.24653939752 -3.72268609997 -6.20323736392
45.49098196392786 -2.65778378486 -4.22919940042 -4.32827263085 -5.87657649344
45.591182364729455 -3.07574633064 -4.08872160566 -4.89889358034 -5.50608149429
45.69138276553106 -3.47149034218 -3.77867539034 -5.43035706962 -5.09541503316
45.791583166332664 -3.82620905797 -3.26636302307 -5.91870381648 -4.64521800087
45.89178356713427 -4.11912942476 -2.54758550204 -6.35980892953 -4.15129685264
45.99198396793587 -4.33101598456 -1.65871613755 -6.74883446556 -3.60350237502
46.09218436873748 -4.44847646408 -0.679312827385 -7.07962356453 -2.98579757081
46.192384769539075 -4.46782171344 0.279769025337 -7.34418592693 -2.27813113293
46.29258517034068 -4.39702155575 1.10164035711 -7.53249608995 -1.46094311552
46.392785571142284 -4.25477236165 1.69407662288 -7.63290252711 -0.522875028776
46.49298597194389 -4.06668104808 2.01451350881 -7.6334368024 0.529384869715
46.59318637274549 -3.85962919431 2.08021856029 -7.5240587015 1.66322005024
46.6933867735471 -3.65604651416 1.95994559681 -7.29933620354 2.82020042331
46.793587174348694 -3.46984626137 1.75002150139 -6.96054943255 3.92759749047
46.8937875751503 -3.30516722374 1.54438178055 -6.51619214026 4.91750200453
46.9939879759519 -3.15790684753 1.41067045726 -5.98057065679 5.74396228789
47.09418837675351 -3.0189691631 1.38062737927 -5.37115594636 6.38987485928
47.19438877755511 -2.87772840571 1.45471629473 -4.70583786709 6.86250786865
47.294589178356716 -2.72456768136 1.61467534601 -4.00099836363 7.18272449235
47.394789579158314 -2.55207456699 1.83677346204 -3.27071242168 7.37411165505
47.49498997995992 -2.35506815734 2.10134401387 -2.52687902802 7.45570258987
47.59519038076152 -2.12992137687 2.39743573309 -1.77985795233 7.43901462365
47.69539078156313 -1.87363530602 2.72324974275 -1.03922014981 7.32859436942
47.79559118236473 -1.58303032423 3.08358491534 -0.314315501019 7.12493065292
47.895791583166336 -1.2542928484 3.48544983403 0.385525996109 6.82872227825
47.99599198396793 -0.883012775193 3.93288763054 1.05124950649 6.44547755221
48.09619238476954 -0.464731910019 4.42207864417 1.67475286305 5.98915476986
48.19639278557114 0.00406969782228 4.93760569653 2.24982255104 5.48345835394
48.296593186372746 0.524688285666 5.45024920962 2.77303877015 4.9597996342
48.39679358717435 1.09474723967 5.91574304393 3.24430965907 4.45217434344
48.496993987975955 1.70662722169 6.27344456586 3.66680740588 3.99067442201
48.59719438877755 2.34574916293 6.44490232924 4.04628761942 3.59599150125
48.69739478957916 2.98881152472 6.33526129335 4.3899834699 3.27686376776
48.79759519038076 3.60257779688 5.84407980143 4.70541671014 3.0305663056
48.897795591182366 4.14452897951 4.89267845904 4.99934920411 2.84503203882
48.99799599198397 4.56712219343 3.46726380094 5.27694381141 2.700600654
49.098196392785574 4.8264801231 1.65987760811 5.54104458005 2.57071127797
49.19839679358717 4.89377704741 -0.324303146857 5.79150829214 2.42242998588
49.298597194388776 4.76469804511 -2.21288684058 6.02460296423 2.21709475519
49.39879759519038 4.46228174561 -3.74593545469 6.23240636935 1.90936211144
49.498997995991985 4.03204764276 -4.74238403451 6.40201645914 1.4449798319
49.59919839679359 3.53255397459 -5.12361610891 6.51475424316 0.764632187861
49.699398797595194 3.02538020726 -4.90545429059 6.54649495187 -0.176169322856
49.79959919839679 2.56632446969 -4.18593590337 6.47082186806 -1.37258497067
49.899799599198396 2.19763559338 -3.13511339316 6.26553219032 -2.74308490125
50.0 1.94190630468 -1.96846059072 5.92024301421 -4.13885726655
