Estación:       IGUALA,  GRO
Operada por:    SMN EMAS
Longitud:       99°31'27"  Latitud: 18°21'37"  Altitud: 780

   FECHA   HORAS      DIRS      DIRR      VELS      VELR      TEMP        HR        PB      PREC      RADSOL
31/01/2018 03:00       171       194      5.32     14.30      21.0        26     931.3       0.0       0.0
31/01/2018 04:00       189       218      5.54     13.10      20.3        29     931.8       0.0       0.0
31/01/2018 05:00       201       189      5.32     14.30      19.9        31     932.1       0.0       0.0
31/01/2018 06:00       154        82      1.48      8.50      18.6        34     932.0       0.0       0.0
31/01/2018 07:00       162       214      0.74      5.60      16.9        40     931.8       0.0       0.0
31/01/2018 08:00       238        54      0.96      5.10      15.9        43     931.5       0.0       0.0
31/01/2018 09:00        38        54      1.98      5.10      15.5        44     931.4       0.0       0.0
31/01/2018 10:00        49        36      0.85      4.50      14.5        47     931.3       0.0       0.0
31/01/2018 11:00        72       104      1.83      5.60      13.5        51     931.5       0.0       0.0
31/01/2018 12:00       142        42      1.39      4.50      12.9        54     932.0       0.0       0.0
31/01/2018 13:00       163        84      1.84      5.60      13.1        57     932.6       0.0       7.5
31/01/2018 14:00       141        85      0.69      6.20      15.0        51     933.2       0.0      73.8
31/01/2018 15:00       262       245      3.25      9.10      18.4        40     933.7       0.0     184.8
31/01/2018 16:00       344       346      4.74     10.80      22.8        30     933.8       0.0     477.3
31/01/2018 17:00       326       133      3.03     11.40      25.5        25     933.1       0.0     670.7
31/01/2018 18:00       343       356      5.31     12.50      26.0        24     931.7       0.0     417.2
31/01/2018 19:00        51       321      3.70     12.50      26.5        24     930.1       0.0     384.2
31/01/2018 20:00       337       313      3.75     10.20      26.7        24     928.5       0.0     272.7
31/01/2018 21:00       322       310      2.21      7.90      27.0        24     927.8       0.0     235.8
31/01/2018 22:00        33       354      2.92      7.90      26.6        25     927.7       0.0     162.3
31/01/2018 23:00        39       342      1.80      6.80      26.3        27     927.5       0.0      88.5
01/02/2018 00:00        88        92      0.93      4.50      22.7        38     928.0       0.0       9.0
01/02/2018 01:00        88        78      3.44      8.50      21.1        37     928.4       0.0       0.0
01/02/2018 02:00         0       186      0.00      2.80      18.8        47     928.9       0.0       0.0
01/02/2018 03:00       113        51      1.19      6.20      17.5        50     929.6       0.0       0.0
01/02/2018 04:00       152       147      0.53      5.10      16.8        52     930.3       0.0       0.0
01/02/2018 05:00       172       118      0.08      5.10      16.0        56     930.8       0.0       0.0
01/02/2018 06:00        54        93      1.94      8.50      15.6        54     930.8       0.0       0.0
01/02/2018 07:00       163       142      2.32      9.10      15.7        56     930.7       0.0       0.0
01/02/2018 08:00       101       147      1.94      5.60      15.0        60     930.6       0.0       0.0
01/02/2018 09:00        52        85      1.08      5.60      14.1        63     930.3       0.0       0.0
01/02/2018 10:00       178        98      0.42      2.80      13.5        63     930.4       0.0       0.0
01/02/2018 11:00       140       168      1.89      6.80      12.8        68     930.6       0.0       0.0
01/02/2018 12:00       158       147      0.32      3.90      12.7        69     930.9       0.0       0.0
01/02/2018 13:00       174       151      1.36      5.10      12.3        72     931.6       0.0      15.0
01/02/2018 14:00       195       189      2.99      6.20      15.2        58     932.3       0.0      64.3
01/02/2018 15:00         0       181      0.00      3.90      18.5        46     932.6       0.0     124.0
01/02/2018 16:00       193       141      0.97      7.90      24.5        32     932.5       0.0     523.2
01/02/2018 17:00       316       258      3.55      9.70      27.7        26     931.7       0.0     591.5
01/02/2018 18:00       326       317      2.11     10.80      30.6        22     930.4       0.0     706.8
01/02/2018 19:00       346       328      5.80     13.70      32.3        20     929.2       0.0     694.3
01/02/2018 20:00       335       317      3.69     12.00      33.0        20     928.0       0.0     574.2
01/02/2018 21:00       283       347      3.31     11.40      34.2        19     927.1       0.0     511.3
01/02/2018 22:00       191       243      2.90      9.70      34.4        19     926.7       0.0     339.8
01/02/2018 23:00       180       187      2.80      9.70      33.3        21     926.7       0.0     166.7
02/02/2018 00:00       303        70      1.95      6.80      28.7        28     927.1       0.0      11.2
02/02/2018 01:00        99        86      1.09      3.90      25.6        34     927.7       0.0       0.0
02/02/2018 02:00       115        77      1.94      6.80      23.6        38     928.6       0.0       0.0
02/02/2018 03:00        84        74      2.26     10.20      22.6        38     929.2       0.0       0.0
02/02/2018 04:00        96        49      1.22      8.50      21.1        44     929.8       0.0       0.0
02/02/2018 05:00       132        72      1.20      9.70      20.4        44     930.2       0.0       0.0
02/02/2018 06:00       142       147      1.17      5.10      19.2        48     930.3       0.0       0.0
02/02/2018 07:00       162       157      0.62      3.90      17.9        53     930.4       0.0       0.0
02/02/2018 08:00       153       144      1.96      6.80      17.4        56     930.5       0.0       0.0
02/02/2018 09:00       172       160      1.79      7.90      16.2        59     930.4       0.0       0.0
02/02/2018 10:00       124       133      1.17      6.20      15.8        62     930.4       0.0       0.0
02/02/2018 11:00         0       146      0.00      0.00      14.9        66     930.6       0.0       0.0
02/02/2018 12:00       160       197      1.97      7.40      14.6        70     931.1       0.0       0.0
02/02/2018 13:00       176       168      2.29      7.40      14.5        70     931.9       0.0       8.3
02/02/2018 14:00       210       149      3.73     10.20      16.6        59     932.5       0.0      45.0
02/02/2018 15:00       266       239      2.65      6.80      19.9        48     933.1       0.0      94.2
02/02/2018 16:00       340         3      3.14      6.80      26.3        32     932.9       0.0     537.7
02/02/2018 17:00       338       311      2.72      9.10      30.8        24     932.1       0.0     684.7
02/02/2018 18:00       278       252      4.49     10.80      33.6        19     930.6       0.0     740.5
02/02/2018 19:00       325       352      3.67     12.50      35.5        16     928.8       0.0     751.5
02/02/2018 20:00       266       245      5.45     20.00      36.9        14     927.4       0.0     690.0
02/02/2018 21:00       332         1      7.60     15.40      38.1        12     925.8       0.0     491.0
02/02/2018 22:00       296       335      5.46     14.30      36.5        13     925.6       0.0     329.5
02/02/2018 23:00       334       316      5.02     10.20      36.4        14     925.4       0.0     185.8
03/02/2018 00:00        33         7      3.85     10.80      32.3        19     925.5       0.0      25.0
03/02/2018 01:00        65        63      4.01     12.50      28.4        22     925.9       0.0       0.0
03/02/2018 02:00       172        84      1.92      9.10      24.8        30     926.9       0.0       0.0
03/02/2018 03:00        79       318      0.76      6.20      23.2        34     928.2       0.0       0.0
03/02/2018 04:00        51        51      3.82     10.80      23.6        31     929.2       0.0       0.0
03/02/2018 05:00       130       162      5.57     13.10      25.1        30     930.2       0.0       0.0
03/02/2018 06:00       165       231      2.10      7.40      22.8        37     930.7       0.0       0.0
03/02/2018 07:00       103        77      1.23      7.90      20.9        43     931.1       0.0       0.0
03/02/2018 08:00         0       232      0.00      2.80      19.9        47     931.1       0.0       0.0
03/02/2018 09:00       144       194      2.48      7.90      19.4        48     931.0       0.0       0.0
03/02/2018 10:00       266       101      0.95      4.50      18.5        52     931.0       0.0       0.0
03/02/2018 11:00       357        13      0.63      3.90      16.9        57     931.2       0.0       0.0
03/02/2018 12:00       226       223      0.37      2.80      15.9        62     931.5       0.0       0.0
03/02/2018 13:00       244       241      0.74      3.90      15.6        64     931.9       0.0      10.3
03/02/2018 14:00       196       150      1.67      6.20      18.0        57     932.4       0.0      47.8
03/02/2018 15:00         0       249      0.00      2.80      22.5        42     933.0       0.0     106.7
03/02/2018 16:00       234       224      2.38      7.90      28.0        31     932.7       0.0     510.5
03/02/2018 17:00       295       320      3.91     12.00      30.9        26     932.0       0.0     627.5
03/02/2018 18:00       298       267      3.38     14.30      31.9        24     930.6       0.0     589.5
03/02/2018 19:00       314       227      3.50     12.50      32.6        24     929.1       0.0     594.7
03/02/2018 20:00       311         5      3.89     13.10      33.3        22     927.7       0.0     610.8
03/02/2018 21:00       240       223      2.74     12.00      34.5        21     926.5       0.0     508.8
03/02/2018 22:00       221       140      2.36     10.20      34.1        22     925.9       0.0     315.0
03/02/2018 23:00       145       180      2.74     10.80      33.6        22     925.7       0.0     190.8
04/02/2018 00:00       127       117      1.98      3.90      30.2        30     925.8       0.0      26.2
04/02/2018 01:00        68        89      6.99     13.10      27.3        31     926.1       0.0       0.0
04/02/2018 02:00       135        76      2.76     12.00      25.7        34     926.8       0.0       0.0
04/02/2018 03:00       130       198      2.52      6.80      23.2        45     927.6       0.0       0.0
04/02/2018 04:00         0       142      0.00      2.80      22.0        45     928.3       0.0       0.0
04/02/2018 05:00         0       142      0.00      0.00      20.9        48     928.6       0.0       0.0
04/02/2018 06:00         0       142      0.00      0.00      20.0        50     928.8       0.0       0.0
04/02/2018 07:00         0       142      0.00      0.00      19.2        52     928.6       0.0       0.0
04/02/2018 08:00         0       142      0.00      0.00      18.2        56     928.4       0.0       0.0
04/02/2018 09:00         0       142      0.00      0.00      17.7        60     928.3       0.0       0.0
04/02/2018 10:00         0       142      0.00      0.00      17.2        64     928.3       0.0       0.0
04/02/2018 11:00         0       142      0.00      0.00      16.5        69     928.3       0.0       0.0
04/02/2018 12:00         0       142      0.00      0.00      16.0        69     928.8       0.0       0.0
04/02/2018 13:00         0       142      0.00      0.00      15.5        73     929.3       0.0       9.5
04/02/2018 14:00       208       167      1.86      6.80      17.8        62     929.8       0.0      51.8
04/02/2018 15:00       209       257      2.48      6.20      21.3        50     930.5       0.0     124.0
04/02/2018 16:00       349        16      2.07      7.90      27.7        35     930.5       0.0     521.3
04/02/2018 17:00        17       324      1.56     11.40      31.0        30     929.9       0.0     668.7
04/02/2018 18:00       297       240      3.27     12.00      33.5        25     928.6       0.0     720.7
04/02/2018 19:00       314       321      5.37     12.50      35.2        23     927.1       0.0     723.2
04/02/2018 20:00       293         4      5.51     17.20      36.5        20     925.5       0.0     641.0
04/02/2018 21:00       258       231      6.04     16.00      37.5        18     924.3       0.0     552.2
04/02/2018 22:00       328       321      4.27     12.00      37.3        16     923.7       0.0     404.7
04/02/2018 23:00       340       337      6.16     13.10      36.4        17     923.7       0.0     198.2
05/02/2018 00:00         6       339      1.55      9.10      31.9        24     923.9       0.0      18.5
05/02/2018 01:00        69        60      6.58     13.70      28.1        28     924.4       0.0       0.0
05/02/2018 02:00        94        55      5.08     16.00      27.4        28     925.2       0.0       0.0
05/02/2018 03:00       148       194      3.70     13.70      25.3        33     925.9       0.0       0.0
05/02/2018 04:00       148        81      1.35      7.90      24.0        39     926.7       0.0       0.0
05/02/2018 05:00       152       159      3.39      9.70      23.0        47     927.4       0.0       0.0
05/02/2018 06:00       165       129      2.85     10.80      23.1        54     927.8       0.0       0.0
05/02/2018 07:00        26       102      0.25      6.20      22.0        56     927.9       0.0       0.0
05/02/2018 08:00        12        35      3.50     10.20      21.1        53     927.7       0.0       0.0
05/02/2018 09:00       121       179      2.40      6.20      20.0        64     927.5       0.0       0.0
05/02/2018 10:00       181       133      1.58      6.20      19.0        69     927.7       0.0       0.0
05/02/2018 11:00       144       133      3.65      7.40      18.1        70     928.0       0.0       0.0
05/02/2018 12:00       198       137      1.69      5.60      17.6        70     928.9       0.0       0.0
05/02/2018 13:00       152       144      2.97      6.80      16.9        76     929.6       0.0       9.7
05/02/2018 14:00       186       199      3.48      8.50      19.0        64     930.3       0.0      51.0
05/02/2018 15:00       231       232      2.72      6.20      22.3        53     930.8       0.0     132.3
05/02/2018 16:00       338       337      1.89      7.40      28.3        38     930.7       0.0     545.3
05/02/2018 17:00       314       311      3.80      9.10      31.5        32     929.8       0.0     674.8
05/02/2018 18:00       299       316      5.30     16.00      33.8        24     928.3       0.0     731.5
05/02/2018 19:00       302       312      5.38     12.50      35.6        19     926.6       0.0     742.8
05/02/2018 20:00       279        48      1.37     14.30      36.8        15     925.2       0.0     676.8
05/02/2018 21:00       289       337      3.26     12.50      38.0        12     924.1       0.0     566.3
05/02/2018 22:00       324       329      5.69     16.00      37.8        12     923.7       0.0     439.7
05/02/2018 23:00       296       326      3.54     11.40      36.2        14     923.6       0.0     174.3
06/02/2018 00:00        43       326      2.32      7.40      30.3        22     923.7       0.0      14.0
06/02/2018 01:00       121       212      3.30     10.80      27.0        25     924.3       0.0       0.0
06/02/2018 02:00        44        35      2.92     10.80      26.8        30     925.7       0.0       0.0
06/02/2018 03:00        64        92      3.01      9.70      25.4        32     926.8       0.0       0.0
06/02/2018 04:00       167       126      4.20     10.20      24.6        46     927.4       0.0       0.0
06/02/2018 05:00       167       186      5.21     10.80      24.6        50     928.2       0.0       0.0
06/02/2018 06:00        54        57      2.08      6.20      23.4        51     928.4       0.0       0.0
06/02/2018 07:00        82        75      1.50      6.80      21.6        54     928.4       0.0       0.0
06/02/2018 08:00       121        84      0.56      5.10      20.4        60     928.2       0.0       0.0
06/02/2018 09:00       178       158      1.66      4.50      19.3        64     928.2       0.0       0.0
06/02/2018 10:00       162       145      2.53      6.80      19.2        69     928.3       0.0       0.0
06/02/2018 11:00        87        39      1.29      7.40      18.5        68     928.9       0.0       0.0
06/02/2018 12:00       138       135      2.35      7.40      17.9        76     929.7       0.0       0.0
06/02/2018 13:00       165       162      2.31      8.50      17.7        79     930.4       0.0      18.8
06/02/2018 14:00       173       170      3.62      7.90      19.4        69     931.1       0.0      76.8
06/02/2018 15:00       197       196      1.41      4.50      21.6        61     931.5       0.0     149.8
06/02/2018 16:00       284       294      1.71      6.20      25.8        46     931.5       0.0     410.3
06/02/2018 17:00       279       238      2.67      9.70      30.4        36     930.8       0.0     700.0
06/02/2018 18:00       341       320      2.70     12.50      32.7        29     929.6       0.0     749.0
06/02/2018 19:00       281       259      2.35     12.00      34.6        24     928.1       0.0     749.2
06/02/2018 20:00       278       242      3.62     13.70      35.7        21     926.8       0.0     678.7
06/02/2018 21:00       239       257      2.74     12.50      36.6        18     925.7       0.0     590.8
06/02/2018 22:00       312       179      2.87     11.40      37.4        16     925.1       0.0     439.7
06/02/2018 23:00       344        57      1.06      7.40      35.8        16     924.9       0.0     174.3
07/02/2018 00:00        62       338      0.90      3.90      30.2        26     925.0       0.0      21.0